1716083092,10
1845078330,50900000
1586478704,627000
1840321445,982
1432839061,7660000
2068890608,363000000
2132466974,8980
1646986935,543000
1713223638,1
1285279036,83500
1814933397,41500000
1296753587,10
1525154578,6120000000
2131901801,648
2095865728,1480000
1982635310,3440000
1187649904,57500
2062285776,17400000
1283844154,4
1579032166,7
1861687239,65600000
1880056550,0
1731276015,163
2140490522,2280000
1897537586,8470000
1712190715,5970000
1841666593,0
1984415241,1560000
1584591478,6970000
1542621485,9
1232797733,20
2023260922,8
1619914708,0
1699118021,192000000
1967074641,7
2084091385,15200000
1985229154,0
1153350189,47200
1981167361,821000
1579946509,505000
1475451787,5
1535509485,92500
1929677435,22
1976925146,2
1636108028,115000
2112376492,9
1383299309,2500000
1832251452,357000
1636712276,6510000
2097276878,1020000000
1298864481,59600
1986580047,64200000
1826714620,29500
1887298973,1710000
1994760638,2330000
1559203927,15300
1922875432,9310000
1993414694,182000
2094483872,2360
2040403357,10
1673407471,20280000000
1767773211,4770000
1649468178,18100000
1176335875,728000
1821652100,159000
1720163127,70200000
2065135000,6680000
1993819231,5
2063746008,0
1635066310,147
2018235531,20100
1823968932,2
1243257696,124000
1453007459,6640000
1806472596,12000
1910051591,5
1721607748,4
1953479669,1
1718695271,40400000
1718132138,326
1813385325,297000
1769499653,8
2019762430,51700
1946540662,10600000
1835282017,8
1909028034,329000
1526135438,4
1790458132,20900000
2071652892,0
2087698486,12310000000
1545418538,220
1705231753,32
1901513786,131000
1373062425,10
1921236813,6080000
1965671219,123000000
1748472218,9970000
2017162041,3
1379677908,950
1977253955,1580
1683799751,0
1834233743,1350
2040306839,2250000
1287519962,36500
1959161523,1030
1995506636,5790
1778178960,10200000
1816274390,1
1463116223,7
2138599608,0
1928680550,34800
1220162150,598
1714381374,3
2075392019,186
1101344589,10300
2122718710,19
2100530989,0
1623440846,3
1911491618,221000
1188048294,160
1452399847,5960000
1310813516,30
1639267362,19
2022476088,67400000
1302507873,3210000000
1420136123,4650
1929261083,23500
1864593238,17900000
2012438227,196000
2050572457,1
1952049597,1160
1049864467,7
1563722782,5470
1530659317,5560000
1552085121,5
1975080686,0
1225718471,8
1551432456,62300000
2020629237,10
1575848387,8
1197558695,8
2080811183,41500
1694875030,0
1536787267,26100
1477237431,905000
1931727874,6600000
2005434883,886
1896788877,4
1602331438,34
1685936304,1650000
1928477854,252000
1888976313,55
1936587007,7930000
1987904530,37700000
1620165907,7420000
1244479369,252000
2115019770,26600
1652587424,6210000
1416564740,1
2081199375,121000
1121481396,42500
1121481396,42500
1566398633,0
2023521290,532000
1847199310,8
1540865838,811000
1782796404,0
1813856943,163000
2117099994,106
1990176234,346000
1865963633,7
1211226341,2
2031614318,3590
1441728962,15500
1947014723,737000
1327400694,28300000
1537192603,130
1790563951,18200000
2042759924,9
1957145604,0
1688400510,4
1606460016,2940
1885160466,841000
1203512126,80
1887097481,10
1519672276,6
1765922192,76400000
1825629377,23000000
1149676046,69000000
1986901487,1720000
1699122810,5
1936518744,7
1245587517,513000
2027283467,187000
2059167033,43200000
1464807751,4850000
2002939788,2740000
1800771276,2580000
1709030479,14500000
1374891565,2140000
1937099979,6840000
1664679572,2660000
1772764454,198000
1896818500,272
1622672622,69000
2028749367,24700000
1627647267,30800000
1434066516,3490
2105729089,1340000
2039019926,29600000
1634444957,8020000
1353918258,421000
1216775179,11700000
1900260799,178000
1708435916,7
1627777975,39100
1901302385,1570000
1663232930,1
1736390415,60
1950610533,190
1963255709,2220
1544081241,34100
1979530989,972000
2032504595,887000
1648743613,36100
1875532811,281000
1551870734,258000000
1901226381,8230000
1441594351,1910000
1835628667,0
1914438403,13900000
1626121140,654000
2087683232,429000
1605475284,4730000
2031117379,61800000
1701808044,6380000
1746275893,1110000
1699911854,1520000
1355128345,88
1519602941,145000
1646865559,1730
1861917635,2170000
1924719960,4160000
1158981549,31300
2128066975,95200
1603799688,649000
1175926478,35900000
1727372166,800000
1623286978,1090000000
1926060263,10800
1400180589,666
2087859786,245000000
2042580865,2
1822547753,1
1503981291,1050
1562000132,4
1932911077,33100
1936391621,8630
1539772475,8380000
1633364308,3
1857677920,279000
1914923052,37
1766269546,8
1321538705,8510
1507765950,8
1865009343,14
1634254291,971000
1973735579,10
1198422501,797000
1297461002,150000
2132253258,4680
1570761602,490000000
1675173782,6
2053447580,19800000
1858487209,1920000
1311135887,91000
1956294881,110000000
2080479126,4730000
1874093582,2430
1817265742,3
1752357224,20
1840870919,122000
1680071158,450000
1862710520,2
1734904139,1
1772855473,9
1561884627,0
1668325898,19300000
1886754679,197
1260602965,1820000
1353277506,25300
1552988280,27900
1844909781,6820000
1881184787,591000
1799025401,0
2054001882,0
2073277893,85200
1680989600,0
1990075952,7990000
1835430796,10
1977503255,5
1734852946,45
1516879236,61700000
1763655010,838000
1816487129,4
1160630420,5730000
1653755407,2
1762108917,189000
1933610553,15800000
1215763672,16700
1630687973,4020
1734564636,1
2130840481,360000
1812729720,2960
1248797058,67300
2141634082,37
1321678607,288000
1823559069,534000
1470184540,33
1846352989,41300000
1822956410,13800000
1520204913,1390
1709719562,7
1546301242,4830000
1709761324,9820
1644108873,0
2143024929,55800000
1835430725,7
2114790266,2
1562178961,9660000
1857958024,1
2112225713,203000000
1943129567,9
2003461862,401
1927660679,2
1872200230,61
1234992825,32
1403940797,495000
1821662796,2
1820283999,23300
2025697560,6
1218575438,7
2078631433,3
1716937036,0
1849502648,0
1711450965,729000
1576046687,3270
1467431504,824000
1510633829,10
2102240990,375000
1797337928,2730
1369206549,1
1079832019,65200000
1890501840,7360000
2065423401,24200000
1528120277,551000
2030966638,50600000
1754894475,2
1988436808,6920000
1736665625,796000
1269230377,50100
1848564212,203000
1932429375,9330
2061962458,6
2034218630,9
1826422045,46800000
1533858393,245000
1261937842,3790000000
1540906139,8120
1631045664,10700000
1228519775,7970
1810545133,31500000
2108170049,55800
1205020667,375000000
2080963419,13400000
1472905869,36900000
2075987969,28400
1903175326,1940000
1997787937,125000000
1637389320,31700
1279841660,5180
1712627878,22100
1864141205,6820000
1861487177,1
1925429846,22300000
1676554727,17100000
1490565022,93500
1890753384,3270000
2067667755,3740000
1928016505,22800
2019940279,92400
1469573918,75600000
1909625500,58
1615510108,10
2146952306,128000
1702766907,966000
1683600604,52
1909947930,1
1752985810,15360000000
1825897017,2640
1463713907,2
1955870483,3290
1655360170,1
1540667959,23
1872675730,1
1905044129,516000
1649382839,771000
1213375011,1540000
1785672099,2570000
1387492216,22200
1373830166,44100
1247493529,106000
1489777566,486000
1852218989,3050
1586757776,1150000
1898503016,3360000
1951325741,32200000
1842343235,186
1912657658,439000
1519537259,35400
1872451213,0
2103730714,731000
1291128153,4080000
1961627435,4350000
2135018097,0
2102971175,0
2052897656,2530
1515625126,10
1968540489,4
1648803255,20000000
1882473451,3
2051007170,73
1537504342,0
1272697366,13200
2033862000,429000
1931107397,6890000
1712740074,4
1832051706,1830000
1965711432,3
1150040471,41200000
1208158713,42100000
2007519990,38300
2019080784,0
1813165561,12800000
2098819930,1
1735493442,31500
1730989594,1170000
1559266121,12800
1951654833,3040000
1572692310,3
1943356332,694000
1942080162,5630
1945471773,664
1892202708,45800
2115552759,22900
1841219166,28100000
2140326468,2
1212343134,59200000
1839626750,3
1577312843,228000000
1752074725,150000
1980680662,756
1789848616,27300
1558386928,101000
1209160699,932000
1743668092,7380000
1826305765,4
1730843878,113
1843889612,4
1227467426,26400
1329381154,893
1296965064,9
1713713089,197
1799963962,70100
2105049361,3
1511856102,164000000
2098353956,1170
1232495539,108000
1965283074,0
1610688795,3800000
1974963923,0
1345645558,27800
1783590416,19500000
1885595077,2660000
1852059624,1
1428199307,1400
2141902561,4
1859921172,0
1248678307,598000
1299072962,1870000
1569898977,6560000
1161864232,39200
1986113901,5
2003136490,10
1591310141,4600000
1083214972,5420000
1083214972,5420000
1555215259,25000
2058644789,740
1817921569,0
1947821553,1
1542739472,27200000
2015424211,0
2050475678,2
1769992861,3
1829958901,0
1465772735,806000
1937891415,868
2077055243,17000
1282851157,73500
1324553096,837000000
2087154203,221000
1950790562,439000
1853477904,420000
1948108727,1100000
1420213874,20100
2061512220,0
1870355831,3
1569442657,2080000000
1857996428,363000
1841439595,0
1912382164,2990000
1985643651,97
1649499061,35600000
1593867100,879
1602471037,3560
1764569584,10
1952245456,2200
1209542762,227000
2032573665,665000
1649079483,1690000
1561351903,16800000
1967243019,12100000
2074644848,224000
1871913452,5
1780968650,15900
1861750671,7
1486078345,8740
1426847805,16300000
1756763872,14500
1479541237,364
1905243397,5
1573714784,165000000
2102279905,22500000
1788929958,6950000
1797958766,4330
1186956171,141000
1895419745,597000
1906047500,17700
1922132377,131000
1589236132,712
1870662875,18800
1687397461,574000
2119029968,615000
1344564766,5050000
1946080330,26300
1509251833,154000
1944174681,959000
1527373614,1390
1547882066,1520000
1809906897,732
1222956728,10500
1284494558,5
1824728721,38500000
1609100007,73
1976294449,1920000
1660182162,1310000
1152563569,7050000
1875194960,2720
1537775394,11900000
2112854555,19100
2003030816,4
1927898444,0
1509540299,236000000
1532874001,10500000
1684494012,9380000
1933800891,7490000
1986433992,41000000
2000946455,449
1832792908,38900
1447562079,73500
2023116722,181000
1717026784,472
1684046413,609000
2120042586,4270
1622741429,1110000
1996524606,41900000
1793094810,36500
1232962834,333
1440316468,147
1580088198,3000
1959848156,6830000
1649843893,21300000
1520142359,778
2054698888,93200
1982378624,1740000
1922602177,26400000
1277949401,997000
1656954204,8
1934806741,925000
1799180742,9
1422617888,41
1829358017,74
1379799613,1320000
1977438524,932000
1668803653,163000
1893212430,17100000
2067588249,209000
1718848366,578
1865715290,30400000
1980788400,816000
1905419510,2
2107224568,92
1986596326,16900000
1951878196,13800000
1164942987,82900
1398237818,6250000
1174090215,20200
1561423827,66400
1258461004,850000
1831822585,16
1473673557,11600
1864792855,0
1912442753,2
1610023751,2730000
1749945881,24500000
1963438181,642000
1852544444,77400000
1912565884,13600000
1555173582,14300
1250077680,2910000
1897504710,1
1834639641,0
1905569922,2130
1560533415,627000000
1925026267,2
1779207974,0
1741698192,1170000
1868564182,0
1983281574,34200000
2049318204,8
1273666266,80800
1575539197,7410000
2059563284,5080000
2097725744,230000000
1190456694,24600000
2146833763,0
1669767923,4
1577311564,933
1944806522,901000
1517773761,151000
2031702623,32900000
2075708065,0
2022961732,821000
1807334025,20300000
1290029410,3440000
1701089100,1
1339263194,156000
1647982315,165000
1935389882,1
1481617251,5250000
1970806584,2
1855510520,1
2015937466,34700000
1441801732,61000000
1452269124,140000000
2043680897,109000000
1927855349,125000000
1902467378,41400000
1804505786,248000000
1205713148,17400
1835649634,6
1468116299,3
1929117423,24100000
1768212814,7000000
1892311128,1
1459708107,798
1775923414,0
1737342237,2930
1484166996,8340000
2146729956,0
2095789574,613000000
2086375188,34100
2120553924,97
1975293634,1780
1948992960,68100
1658575341,55100000
2047686604,22
1859962708,58900000
1662977668,4
1970452516,84
1770280683,0
1800375538,5630000
1457998979,641000
1903132492,323000
2059354753,1
1519137388,2
1546553705,11100
1942096242,2
1690004891,4230
1865432777,0
1698597077,4
2045111725,1980000
1206444822,280
2107442054,2
1586328756,27
1674334090,4
1909179346,0
1787394795,77
1724227751,6950000
1974922383,7400000
1840122875,270
1945692689,64200
1744286190,1
1217666318,54200000
1952582685,90800
1794152770,857000
1356915330,497
1355805802,20900
1629658151,3630000
1559186552,8420
1334756317,9450
1541596543,1
1763030653,1050000000
2064626352,5
1876901249,5800000
2073761719,0
1909614379,629000
1843030792,1130000
1962045494,1
1251645632,52
1357587490,10
1955661688,8
1668673684,6210
2146144507,15100000
1801920788,9
2020350444,577000
1976355871,1
2103487217,78
1643348261,141
1222191716,1360000000
1878608547,2
1681108578,903
2054421254,7
1819101704,9
1563725634,4360000
2119286213,773000
1720297770,2
2083805333,55
1642662516,4030000
1754745709,84300
2099802517,132000
1968121461,59300000
1392799833,8790000
1924062234,41200000
1138739178,1470000
2133821795,15000
1829931168,773000
1751885130,10
1586158085,133000
1620667286,210000
2030250593,0
1984953282,58500
2045418156,50
2110502083,304000
1839073382,1340000000
1922755763,50200
1504683408,23700
1720349557,4670000000
1846172069,6640000
1947793706,6
2044303172,9
1864006116,3240000
1779398226,33400
1584975413,40400000
2019171977,20460000000
1498464328,410000000
1413732564,8830000
1844470038,4990
1826532803,8
1340762202,244000
1986980595,1940000
1938464016,4520000000
2053209563,12000
1622025951,0
1405330338,2770
1824866325,81800
1102950594,640
1102950594,640
2023614480,535000
2026614847,10
1840485468,311
1444743878,7500000
1369944285,6530000
1772157104,0
1719245729,29500000
2040326423,1480
1602439146,1330000
2074308872,5
1543715089,45000
1457223065,18000000
1843994273,178000000
1884815267,123000
1928835518,5
1950962231,95800
1715044939,1
1698678936,30300000
1502930250,1260000
1756429610,5500000
1889902244,377
1788729843,16900000
1946064657,178000000
1638324896,0
1289294178,10100000
1616381335,526000
1958733871,249
1908610961,0
2022058320,813000
1897561764,146000
2012010895,2800
2034975951,5860000
1884682462,6010000
1975686942,6
1585041209,1390000
1982362266,528000
1666675634,255000000
1843026792,0
2077250242,0
1811144012,0
1210925211,54
1944554889,2
1900247477,890
1973887019,785
1226118071,2580
1867270495,31500000
1198474855,8180
1480240831,3120000
1591868614,75800
1878077722,13500000
1690056963,7020000
1941432364,727000
1214177633,5410000
1235106940,578000
1671295238,2370000
1550806298,0
1457614751,747000
1177112795,5
1970985942,9830
1531323005,52500000
1845073294,6
1541561457,0
1645309648,262000
1957233405,8
1834361749,318000
1812865774,991000
1629688277,1780000
1692429088,1820000
1736063871,5560000
2044952596,2
1873713697,518000
1966267523,5250000
1839470044,25500000
2038805151,2510000
1870387584,186000
1863231393,3
1910960870,0
2077580079,68100000
1585721661,9380000
1754257225,5200000
2095992099,34
1563548099,6160000
1835689815,0
1590427447,47200000
1646464249,6100000
1699381313,4100
1247405010,390000
1982937631,4
1242382953,6
1420406769,6
1985891580,11300
1814587447,12900000
1477780783,2860000
1938206945,125
2012040272,131000
1884085567,119000
1266745246,23200
1984305426,199
1691980393,5770000
1858842778,4
1651592428,47300
1865138099,1310
1797771356,5840
1344033202,5
1358633806,1090000
2054216889,73600
1878328726,7
2086316021,6
1717455985,68200000
1978947375,5860000
1305636370,116
2071672689,0
1969373592,13200000
1870403814,7
1518389630,484000
1566531205,649000
1956053459,-1
1735364345,4
1891506476,2
1909128922,4
1899384739,1
1336270610,2080000
1973431275,2730000
2025137227,4960000
1906862184,10
1949251515,708000
1924397132,10
1783768610,11900000
1642501171,39000
1677351010,1
1213048479,3040
2007128297,3840
1885646380,1280000
1375672277,997000
1398053432,43600000
1838286050,1
2017368495,5
1126162779,148000
1604736211,207000000
1281274611,260000
1916251591,28400000
1428400962,6
1605319232,645000
1556973619,640000
1870937827,39
1466880416,66900
1541180109,15300000
1273563722,895000
1955810061,27800
1730549870,721000
1920242019,120000000
1732939544,6830
2117193675,0
2031482246,89300
1842584861,4
1258050839,58000000
1717690801,2
1339968859,1560000
1097059647,696000000
1870590761,14600000
1915498639,237000000
1999059655,5690000
1219103321,287000
1158400200,42900
1887478282,4860000
1511166297,0
1707144907,12
2144855191,10200000
1620895117,45300
1558208145,40300
1215565141,28
1145432806,1830000
1402541698,282000
1319812715,496000
1659496233,7010000
1979564170,8140000
1929953263,28300000
1926339142,15540000000
1911606795,16200
1953593267,2
1887206521,0
1190445511,195000
2119018245,536
1378154917,13900000
1881225448,2
2040652573,74500000
1543583609,0
1501943300,3420000
2115774290,12500
1218617220,182
1585872477,0
1884742858,179000
2061160528,7
2019240506,7000
1930056278,139000000
1818144115,3280000
2098576552,33200
1984116577,0
1511372451,29600000
1608514475,6560000
1944572239,2
1898886511,23000000
1958923731,7
1979255590,6850000
1762657717,4
1788029514,0
1895288410,2040000
1890667090,3
1980552186,0
1608607910,644000
1795280761,10600000
1612573803,48000000
1682745558,1
1826589911,18400
2094958030,1
1303519486,1380000
2107969018,3330000
2011300113,1
1279949328,67300
1962467796,13300000
1124220514,21920000000
1124220514,21920000000
2005173636,59400
1606724260,3
1565484216,0
1157309134,6910000
2090247736,263000
1767102788,41100000
1341853690,623000
1601095435,6340000
2031097268,0
1742376920,14200
1913289671,4
1906365775,31400
1747432743,0
1203001898,533000
1717569093,83
1815901513,0
1374660178,2670
1872483162,2
1914753680,9
2133660432,529000
2138697066,1
1928204242,4
1785831709,472
1521279361,50
1695387872,0
1832758239,3
1600253656,3
1718063851,22200000
1394696618,19000000
1506190298,56
1765326264,1
1497907933,5740
1224406505,10
2090983490,3260
1395417821,45800000
1685404118,782000
1941878027,0
1833174779,1
1817216267,2
1542925256,14200
2079706988,1370
1889670551,5
1211239975,16000000
1632144562,168000
1979671360,35200
1225017679,0
1933823041,593000
1940663708,2640
1670760099,-1
1677974258,1180000
1779294130,5
1699275615,93
1771284355,4060
1479084075,293000000
1351046037,106000000
1698663263,484000
1434998704,1
2130287853,9
2041481347,227000
1421951677,13400000
1882446517,224000000
1768814830,23800
2131995218,4100
2038085896,1150000
1446565620,4
1366682856,8160
1911305383,5
1692500935,0
1400533685,32600000
1500143545,175
1499725820,986
1680347468,1310000
1779958378,10200000
1685830888,2860000
1969552296,17600000
1893869122,851
2139690913,2
1657992513,2450000
1919608920,28200000
1500778985,9960
1769256624,246000
1583980473,1010000000
1629330737,3750000
1816423257,2460000
1730738148,4
1183971664,5090000
2071553192,1940000
1585950537,142000
1469309761,16300000
1962741210,40000000
1891682255,11200000
1636270452,7
1687644042,747000
1285092995,1
1366415996,1960
1949125164,9570000
1735614534,1
1484266827,9740000
1794007361,3000
1531427817,124
1842302638,0
1944518928,7
1177948987,75900000
1810777821,854000
1712944034,3860
1919635305,1110000
1227171448,2000000
1680838670,6520000
1836459056,291
1331959275,1080000
1967704234,223000000
1863537460,20100000
1759991147,6740000
1951979476,270000000
1657931150,643000
1959715827,16300
2042323037,0
1929807065,208000
1973094028,2400
1881900426,6
1676352104,0
1303679576,57200
1352674811,4990000
1753844385,72000000
2075883375,234
1556281943,1990000
1928627799,26000
1517740598,4750
1566128923,446000
1144411934,636000
1874857414,2080
1783766471,52000
1749175149,310000
2001306187,246
2068966696,2
1543856903,19100000
2005855243,87300000
1955278213,20100000
1559474953,1540
2065376099,8040000
2073755034,8110000
1619620790,1430000
1566192769,1960000
1420481685,31000000
1784346418,0
1580530298,2850000
1939048128,23800
2112157061,2
1409061876,10400000
1516016786,9
1030085238,8600000
1030085238,8600000
2086589901,973
1342628949,73000
1594985334,1550000
2052834351,616
1879906873,6980000
1280499438,10
2136612371,7110000
1784953514,231000
1631468559,0
1797225549,3850
1835067347,35200
2113321113,7660000
2014825843,9040
1380622173,39000
1210344014,6
1897085457,8280000
1952841784,33700
1890786240,6910
1661268766,2290000
1879977720,98
1616020999,11400000
1894076728,274000
1679763797,1380000
2085209573,16600000
1269139940,1910000000
1499071760,172000
1137329867,8640000
1637635186,59500
1458515821,3120000
1992790895,2
1566094051,0
1604847618,49
1537447746,5
1364210054,26300000
1625430797,0
2102837999,661000
2000645726,48200
2125181586,712000
1752306564,7770000
2106168962,182000
2119881484,6
2137949990,0
1877147255,51600
1161866581,371000
1503023140,108
1715162095,21900000
2087967444,2520000
1840055027,5180000
1828527176,575000
1940559279,2
1256577644,44000
2021357347,5900000
2128008252,2
1610247668,67400
1572135326,66700
1808439664,32
1961664786,0
1453325936,32800
1910358400,3
2014048564,502
2120621781,1600000
1961106311,0
1924127465,30
1930752961,6150000
1970573414,130
1069096241,690
1854316272,3850
1795339334,519000
1606358304,7810000
1606836572,2
2087953632,2
2021287464,4
1646441585,226000
1520711725,2
1684848001,0
1926162379,12100000
1745398445,23300000
1810901191,2
1567885043,1
1314519405,36700
1225251998,8
1523024942,415
1948701183,3
1786715197,34900000
1827701677,5
2090530773,979000
1664811712,3
1222885126,249000000
1676951124,2360000
1924768345,801
1684071476,0
1829827852,75200
1896116721,242000
2103041351,0
1829876511,2
1496363138,3450
1631460167,13200
1447308603,40100000
1359377069,327000
1942331353,8260000
1310341226,6640
2053092667,346000
1900514657,803000
1548136227,188000000
1247125837,3420
2082474134,7460
1876367103,523000
1443015665,35500
2098257264,3
1995014636,8030000
1745748077,7430
2007206983,3
1714105384,8710000
1762213317,3
1608688573,653000
2105824853,4600000
1341280886,115000
1888707147,4
2018504533,-1
1974690036,8480000
1647277381,28
1866946806,541
1980289027,39900
1417259811,3370
1721515779,4510000
1704474765,3
2115286297,6520000
2002904700,4
1139952476,685000
2143709490,5
1272539535,3
1798964804,8
1507504540,503000
1578373148,211000
1484416323,15600
1362707230,301000000
1717906024,29800
1485755321,19500
1364268306,109000
2122560692,16500000
2049810296,0
1625748814,1160
1823594093,507000000
1982431588,6
1535658837,49100
1157109291,3980
1532877412,335
2092995704,583000
1498166564,35500000
1704694555,54700000
1724442491,10
1842330225,2650
1805601735,208000
2053102839,2
2086442908,10
2058899777,0
1890606482,35800
1938859978,6640000
1752539343,473000
1814308611,63100000
1814301318,901
1761314727,14900
1313118722,488000
1847108880,0
1801992821,2300000
1862088636,1
1962115090,0
1708746851,7700
1137770021,134000
1949963198,32500
1960059118,2080
1636799831,10100
1987555815,7470
1663744479,32900
1615457864,33300
2065852431,128000000
1880921293,982000
1946971486,7
1696301984,535000
1120848867,68600
1781142379,493000
2129641557,332
2013356426,5
1252441062,2
1258096146,282000
1577939770,8810
1189738167,2540000000
1857986288,6200000
1347791813,6710000
1700237942,1600000
1207473319,6120
1401655441,16900000
2082805105,2400000
1432495029,134
2120584388,0
2077427221,6260000
1496167535,290000
1573574905,208000
1721957859,19600000
1618194216,578
2061769865,16600000
2077283940,7
1809331473,20900000
1317585860,10
1713677199,2050
1905277729,79200
1217416358,31400000
1966050138,980
1525773178,14900000
1983834686,0
2075600546,6930000
1781280517,553000
1591614114,163
1729752764,329000
1815934116,13800000
2132225268,0
1969764168,5020000
1255264256,4220
2064091287,0
1483435612,1220000
1293425397,4
1946550857,1190000
1635745313,3
1844832569,47900
1622450525,44800
1870659283,273
2050294793,271000
1575736001,3290
1490014776,10
1407739187,92
2004606124,9
1878441311,130000
1998644302,431000000
2124169536,10400000
1531087322,1870
1905761965,506000000
1590828289,6
1978160127,1
1931061845,0
2054209957,1220
1718295117,7830000
1550262097,3
1853784012,22
1604983564,32800000
2010138007,9
1744945796,28300
1506888468,1470000
1476929139,1550
1428585975,11630000000
1815792758,9
2032898676,1
1941241385,-1
1824285464,5
1317979642,9
2134352605,779000
1869874761,109
1708206185,5050
1690379438,735000
1576732419,10
2120468169,1650
1541402490,11300
2029212309,306000
1819606904,13600000
1371420846,29200
1406117447,7
1833262067,0
1207275913,2830000
2104598177,0
1467513896,122000
2139844436,34100
1588847418,8270000
1783043491,461000000
1812902669,200000000
1638533965,5
2029838862,1310
1439022470,613000
1783725527,17200000
1517345788,835000
1939161298,5
1502519470,7
1940615955,16400000
1676760531,73200
1643944640,3
1395753498,77
1124882157,5650
1631350473,65700
1899386219,7540000
2088799501,31900
1931921778,1240000
1845986409,0
1575562700,7630000
2008987238,7180000
1943674458,2700000
1978134095,108000
1579185204,407000
1981283861,211
1552545830,5
1975743944,3
1807131192,2100000
1834842108,15100000
1603970677,13600000
2067940408,3250000
1174169386,729000
1506748722,5370
1831825534,2620
1424623833,523000000
1966001835,50400000
2052925521,64600
1800878480,18100000
1957773221,650000
1748540636,5420000
1561908326,36100000
1979396156,91400
2015304311,139000000
1946319662,213000000
2034272368,20000000
2063045128,18500
2115242874,3350000
2146279806,138000000
1850046567,247
1762249060,107000
1978240138,3020000
1573346692,2
1998523378,451000
1788550403,3270000
2083308030,322
2068807077,1
2056406688,11800
1929472195,16800000
1226729249,0
1287610550,7070
1531526389,35800000
1989058043,19100
1199112668,6090000
1809476856,8890
1957922441,698000000
1268770001,661
1254520987,156000
2120622393,696
1733020008,2410
2041456371,3
1404703844,46500
1489994080,52900
1172187871,85
1660300643,3740000
1926016087,5460
2026374741,2
2126157197,895000
2023074944,9150000
1508611706,2430000000
1787024127,1890000
1492783238,2650000000
1527854652,43600000
1320469511,41500000
1773313822,6720000
1462896660,15700
2051833943,25300
1926452679,6
1715391161,86600000
1994691849,33900000
1860222972,323000
1404862489,133000
1917311327,103
1827308614,5
1824502261,26
1999154370,874000
1362215219,593000
2067441492,718
1671328051,358000
1642115989,132000
1543656208,804000
1564237983,267
1631241760,586000
1567342578,300000
1990145432,1010000
1718130561,2
1761685467,6200000
1860659660,1490000
1977143196,0
1820279760,737000
1662204032,2110000
1559200284,378000
1841148903,0
1582792831,792000
1821038878,18000
2122162144,2
1784880367,17700
1757144275,0
1371116001,200000
1844026233,55100000
1808598973,5
1490354378,1680000
1576047957,8380000
1895723967,8
1383110813,6
2094687984,31100
2054060272,10
1789525812,10
1907501438,245000
1842960794,854000
1579635439,2
1903450532,273000
2019240107,117000
2062761879,151000
1592608174,602000
1491228497,813000
1700260330,347000
1889254206,1620000000
1505376703,1680
1416202278,25900
1651084383,49
1758567347,0
2125736625,1170000
1541706958,359000
1824390990,4
1400458906,15
1981749912,7740000
1541233016,8
1976225586,71200000
1943287695,8070000
1426717537,135000
1313778035,17000000
1397120237,2580
2051781181,6
1218142530,5410000
1549376465,2250000
1700256437,28300
1152485178,39500
1870427849,674000
1323430055,3820
2137221576,129000000
1753475508,15
1814056965,708000
1803256615,56800
1576256566,18900000
1205053000,2840
1119054974,7840000
1119054974,7840000
1947257387,0
1193121464,625000
1554638764,1
1655344274,1
1778756398,33600
1974647624,873000
1925060086,69500000
1611131554,40
1958070701,0
1713223404,70700
1869956718,275
1940581962,11400000
1904974784,5050
2084410224,285000
1197762872,9
1211750168,488000
1425362928,17
1926465799,36000
1866222282,1460000
1905599224,5140000
1764740185,1340000
1693799029,7
1283503994,218000
1087480337,2370000000
1973860816,1570000
1605553621,2010
1845286407,6
1917719570,1780000
1999686559,1060
1962253250,113000
2119747141,72
1850386305,2820
1544265348,149
1876936114,1
2087784430,0
1970199167,4
1561732011,47400000
1815751702,717000
1189086439,1770000
1308741411,19300000
1336367919,6900000
2052430797,7980000
2006816329,129000000
1392355340,3
1588076288,232000
1947704874,10
1614844376,254000
1189938281,35600
1465009664,79400
1953720170,980000
1968630771,17100
1936712970,66100000
1964331982,6
1754022802,5
1757623419,10600
1702789022,13500000
1850312914,2
1490964889,750
1981722556,131000
1913139015,1
1965886120,2
1900468424,6610000
1903531236,209000
1231020541,3150000
1179787390,865000000
1674634432,3720
1429625717,73
2133782949,0
1635748940,54700
1888125080,2240000
1657004466,22600000
1218767619,10800
2132536378,148000
1412054993,22600000
1858078699,2330000
1989562769,9
1395189809,1670000
1917399810,2120000000
1253696318,62000
1496434216,8
1599456012,996000000
2029314227,2000
2081825022,0
1407786676,41200
1387548032,1140000000
1891018883,1340
1710878609,0
1397332952,33000
1836236824,0
1409242064,1
1566114422,18400
1703793350,1
1958397820,10400000
2082965135,279000
1265306998,30
1609805375,650000
1842691823,361000
2013722688,0
1621679122,1
1494184005,340
1848097124,5070000
2030790842,4
1438181492,67300
1614682537,1
1836750282,490000000
1805716998,7
1599692017,5800000
1690422882,1780000000
1986833302,8
1583174773,29700000
1720516600,22300000
1653318853,1520000
1650196778,57
1618629839,4
1692570622,0
1983355645,114
1821342392,0
2108218259,450000
1652126564,0
1181813043,9
2093845343,0
1731877961,130
1104023124,3660000
1104023124,3660000
1314990658,1310000
1498693216,44900
1966690788,2
1681489260,8710000
1292740943,16600000
1841090063,2
1476824982,16500000
1841599621,229000000
1832952112,6730
1626264217,20700000
2034677013,0
1956610335,2590000
1386641765,2050000
1152850431,9
1760010853,0
1505160669,24800
1169573765,57
2142496535,7
1634067669,95800
1944465894,121
1120290128,99900000
1120290128,99900000
1978184179,34000000
1838547065,55000
1764892539,9920000
1546637152,2720000
1617866921,107000
1629536725,95900000
1969211167,14400000
2067704553,588000000
1804774605,87200
1603625709,390000
1965065102,9200000
1782888336,0
1067072209,366000
1640231367,813000
1157901008,1040000
1479627501,62800000
1957068565,3220000
1173564485,1
1970025544,5450
1683507738,10340000000
1979941454,291000
1842906727,8
1330916346,575000
1357307897,3710000
1645812691,0
1387299778,78300
1790413147,12000000
1848298975,993000
1627824517,6160000
1295176793,20500
1943961741,2030000
1781255481,71000000
1822865077,5
1572224907,9170000
1436639519,16400000
1897287918,1
1203075519,722000
1370103356,439
1810341159,5
1769943004,6910000
1547045067,211000
1618734427,18600
1895061908,435000
1504684273,886000
1876992086,4
1688141472,257000
1971637009,0
1515904823,283000
1854134977,4
1567397257,3
1318714268,2470000
1998918075,486000
1292242216,334000
1934912284,41800000
1837644277,17800000
1862798391,0
1539251739,0
1789595389,67
1792535144,45800
1133136877,29300
1796107524,5
1910375958,4
1605777460,120000
1532851193,1790000
2069037205,0
1636259409,275000
1658799232,10500000
1569284467,0
1720817896,146000
1968141570,123000000
1891650211,142000
1862311162,84500
1965188042,1
2137677776,5200
1975481739,50
1934652483,7620000
1952179578,1
1951936215,1
1943842903,27200000
1563071923,6260000
1124907755,18700
1937946016,98300
1609378023,83
2049245373,0
1253457183,188000
1402546125,16100000
1517198008,2360
1542618417,9
1606721821,2680
1875515952,1
1439661646,0
1777660653,0
1898675054,313000
1965181508,6810000
1976893057,93500000
1907463765,79300
1864927114,6
1864801813,63300
1635167028,1270000
1676283413,2
1676867566,0
1775878443,0
1953866327,117
1937347731,1
1528052976,43300
1947678068,6260000
1173715504,1460000
1929078577,2370000
1974222554,10500
2107600145,5930
1992625935,351000
1694373358,7
2101060216,0
1847746480,1
2106646268,6470
1949132775,7800000
1637783777,7610000
1787488560,786000
1337113720,16800000
1750367699,14100
1918293490,2
2010152427,11500000
1802502983,599000000
1881570282,84700000
1859835040,1
1716768495,67400
2082523702,18100
1891536494,16000
1542492378,1120000
1945706890,8660000
1949444251,0
1708969405,0
1584459081,2810
1708381495,126
1719893146,258000
1437228316,2650000
1506888161,996000
1799356251,141000
2041256453,37
1951257579,26200000
1832037972,2
1455260340,104000
1286780046,131000
2012286144,2
1219977143,2180000
1714209273,27200
1863387355,0
1350840900,3080000
1586901022,5
1118171014,167000
1118171014,167000
1581877139,15100000
1372269197,5260
1743270164,6300000
1700822883,4
1203940938,233000000
1033617662,948000
1033617662,613000
1273735434,23100000
1885098112,3
1200243030,0
1622911708,412000000
1812982421,4
1146453742,691000
1747853623,449000
1870924016,3
1593441886,1
2128516150,623000
1766494279,6
1638045298,8640000
2132463908,1920000
1643170701,4430000
1595905886,84800000
1571523313,1070
1993554988,3000000
1267412559,105000
1873473081,1500000
1705505993,196000
1458353546,3
1491269391,49300
1575286643,226000
1432881493,830000
1959493624,1390
1877632060,1
2056659592,1
1935627920,4300
1279877202,158000
1910837929,5560000
1827001791,31100000
1784253978,22000000
1087026233,5730000
1658774580,2080000
1241482000,40000
1560025053,537000
1858504510,39200
1095835958,650000000
1095835958,650000000
1913966435,71200
1168554423,41200
1610269648,288000
2017472297,6080000
1958514355,1630
1936803278,630000
1715661161,99300
1907065842,7
1789930613,153000000
1695384274,875000
2113729256,1
2023825860,1480000
1536007072,2520
1569661993,1
1555104318,235000
1425441257,39800
1699346888,360000
2094833807,0
1888987801,929000
1749233669,98200
1127088275,6
1833097891,2
1354821438,8
1948653414,668000
1906076885,5
1568008488,106000000
2116145388,205
1104218701,366000
1829416631,4
1876363879,1100000000
1878673284,1300
1516178359,6290000
1758502496,2
1741674221,6
1503133703,1590000
1850351073,1
1281709774,5780
2019101698,50900
1620526299,2
1502367744,3
2127354424,3330
1989963839,3
2027279163,52900000
2109124969,510
1606781994,569
1516686049,6
1704834732,5
1994167675,4460000
1589641357,8
1221770320,10
1367381206,182
1684244488,168000
1730884541,6
1696075412,191000
1989224739,568000
1648858369,11800
1722044958,8900000
1728710942,21500000
1616283717,4
1799666227,0
2029581606,274000
2061854965,6920
1595507139,640000
1806486534,88400000
2015253288,43500000
1671152670,5
2128285530,49000
1694682862,67100000
1539225938,1980
1925580200,1010000
1590326879,91
1543796382,4
1217983765,4
1461419261,2
1896105403,48000000
1620076667,837000000
1963375975,17200
1649631404,542000
1580327656,10700
2065609410,4
1742437794,35
1969420588,149
1336346046,2120000
1435234624,3
1567372021,24100
1977086633,520
2048689236,7
1344165642,967
1648190943,0
1705768310,862000
1172850949,22
1479630600,705
1976599491,5920000
1897023352,0
1939285382,47
1226431246,191000
1904018047,8060
1652194665,8
1945814257,691000
1926062795,731000
1288958247,13300000
1933416896,53000000
1527108451,4760
2105679745,0
1689509900,3
2064935934,107000
1832159883,2
1785921643,165000
1693326606,2040
1987847825,534000
1128868687,8150000
1478145964,225
1757863372,9
1985716709,29400000
1990342146,340000
1211198341,5
2126143867,906000
1402371030,6400000
2049618005,393000
1529799429,548
1855249312,14400
1388419215,6790000
1605461729,1720000
1297700402,22500000
1735948849,216000
1175959080,149000
1590902392,306000
1627918702,125
1597584064,17200
1754229289,3280
1806869882,884
1374934820,0
1864732341,922
1878069930,8
2033926823,332000
1908035866,6
2033172305,99800
1894160317,103000
1817299094,0
1326098316,701000
1591260110,1
1769288670,-1
1611216114,1
2102960396,1120
1955336166,0
2115429179,1630000
1843180756,22
1196182280,996000
2034384459,15
2062403010,784000
2068860356,65000
2090270583,2110
1274799580,78900000
1912047982,2880000
1502962790,433
2026190847,7
1469720408,833000
1174611107,63500
2139094829,4
1214638965,67310000000
1289812565,1080
1914554441,122000
1666726089,85700
1466567371,3950
1540887893,216000000
1926148873,1800
1208238959,714000000
1644994587,102000000
1202460433,35000000
1898888699,20800
1394647588,39600
1861477054,1340
2040599353,5050000
1569666995,770
1960956391,4440000
1451314549,6
1687411089,1
2024957637,9460
1776170950,735000
1390043732,13400
1613481188,408000
1848070310,3
1570860958,8
1419159608,23
1632147911,11
1886485985,2010
1513942918,179000
1176800708,156000
1851900034,427000
1892185181,10
2024150408,8100
2037026047,10600
1200624044,2
2097080166,10
2065692525,8740000
1695839695,47400
1888813717,105000000
1502136434,9840000
1152650140,121000
1503158577,3460
1956112277,704000
1773240125,554000
1493947988,262000
2105538629,2130000
1585981902,48700000
1750977101,0
1739308881,969000
1697233081,617000
1961438811,7
1947338239,13300
1421132047,1120000
1276516010,526000
1386662308,359000000
2137449555,14700
1620134065,162000000
1534900246,33300000
1918907311,98200000
1827300975,25500000
2074296375,18600
2006048031,79500
1836049417,7600000
2085643139,0
1532655153,2920
1951853632,11190000000
1735525522,40800
1742766507,4
2018188389,59000
1909615957,6910000
1779048240,639000
1962273413,10
2135020186,96200
1848949685,5
1968838781,45500000
2068799750,1730000
1983407210,29
1721362443,1740000
2004483538,1
2130119224,2030000
1822567201,28200000
1385921324,227000
1274331208,6880000
1951385725,3870000
1166144937,7760000
1975742488,6010000
2085311648,138000
1672189867,870000000
1453133135,3270
1625080925,1170000
1483678617,1390000000
1411325303,718000
1732232116,31800
1457217267,8
1677523591,7980000
1900325229,4010
1783845346,7050000
1429257085,18000
1936580146,2160000
2114124810,5
1978235926,39700
1727296886,0
1840871386,9
1492742356,23900000
1730305106,19000
1621759139,145000000
1889592083,6000000
1214260101,5390000
1544009975,9
1884267747,200000
1874652903,5730000
2145584436,310000
2111219138,24000
1585491544,2260000
1972736737,809000
1535521133,4
1693543193,266000000
2043795857,751000
1595737403,217000000
1617655983,187000000
1889114959,3
2090041159,558
1960908690,5
1815574595,6970
2105674940,542000
2101029023,7360000
1906665113,876000
1894178266,4810000
1982236733,10
2059931794,921
1532592227,11300000
1484718408,6720
1166951973,2940
1974063253,198000
1831177203,74
1646335619,1
1670087921,907000
1784384035,683000
1820387554,1490
1789478156,644000
1923933046,2510
2134257960,8420000
1612887246,140000
1836183872,0
1610458452,4900000000
1992858341,179000
1228831019,5
2062876366,6980000
1593189411,7070000
1690634854,5290000
1633350448,953000
1918796803,343000
1987742458,75200
2024036815,145000
2112192960,2110000
1983454703,2
1665529029,19500
1578069367,3500
1973897725,2160
1560136069,149000
1599511073,238
2099727644,1
1637776244,5
2102174977,245000
1971420986,1400
1371290700,75
1629042780,9110
1249005264,10500000
1955043732,34900
1430913241,6
1526112366,570
1435881168,5070
1773392751,5400000
1993901458,3
1838049286,0
1597233418,989000
1771883305,1
1679854028,74
1782160486,2
2048852472,3810
1898554909,2150
1827555263,2860000
1701356690,1400
2122899539,4680000
1950661295,2570
2106041167,1120000
1777094363,4
1607853700,202000
2055933237,674000
1324242301,5840000
2113196417,2
1839431572,27
2049164765,1250000
1345207871,396000
1667529042,310000000
1968877317,149
1200870851,313000
1950068622,83700
1829862129,66700
1420504530,522
1454744879,3370
1368194407,61000000
1513296491,4
1943997805,17100
1157494391,638
1584808540,74
1606457619,872000
1753667430,590000000
1216284681,185000
1445973851,300000
1791613274,8
1910219150,1470000
1826456925,85400000
1765438384,0
1762637424,123000000
2102224734,1670000000
1847762764,556
1752264637,9
1702741122,0
1684442859,7040000
1865093433,9000
2049771525,231
2037225357,47800000
1775303893,3850000
1347031518,4
2122335848,5770
1197838586,229000
1872579864,47500
1162171726,9010000
1133847377,4470000000
1252510795,644000
1716442202,42600000
1513929883,0
2067062945,482000
1832006680,1
1684378952,29600
1584460827,19500000
2012361216,3
1972047779,13900000
1714361251,448
1711235880,4750
1145885117,45980000000
1791425246,6860000
1843839246,78
1906083924,13
1535288564,205000
1655477884,71400000
1570469540,162000
1814605893,0
1516077311,4980000
1701653196,1
1934741150,0
1561284464,36900000
1082007754,34200000
1082007754,34200000
1761763910,648000
2047744078,3090000
1564683783,16130000000
1815213284,2
1585732591,13600000
1962565553,0
1766136836,58200
1183599984,4
1307151631,1300000
1668078698,3880
1935494466,117000000
1194837868,450000
1595891817,66300
1672912382,199000
1928308972,512
1498014790,8
1688464733,6160
1372050492,8
1753013321,55200000
1955687971,19
1467085152,3
1539468133,445000
1745739156,0
1114168813,45700000
1639263855,455
1465179895,1200000
1984785675,2220000
1534943109,30000000
1416467417,152000
1498504433,129000
1666824330,4
2103984668,17500000
1820364272,1
1613537002,1380000
1438770930,110
1478621095,1210000
1831139711,0
1698887849,815000
1525052327,87
1590538504,31900000
1971754547,4520
1544850842,6
2103812286,755
1113081176,10300
1113081176,10300
1162175215,130000000
1645975085,965000
1877781688,8
1748358170,1680
2077960195,10
1739773903,27600
1716952148,3
1924405184,9030000
1501866610,483000
1646785965,250000
2135750220,0
1308026304,104
1729205476,87900000
2029246759,4
1840280406,318000
1566090004,60100000
1963915784,2750
1921481316,996000
1965076591,615000
1926529206,694000
1928298477,5470
1854994979,5
1961277096,3110000
2075460559,1060
1633480498,1280000
1519077160,762000
2062519981,8
1624155175,1
1823856225,6
1426773295,30600000
1881903758,5
1467187201,49
1831615386,8220000
2053915134,57
1538911508,2190000
1931616214,3230
1724541984,1160000
1775875988,3
1502487660,9850000
2120742341,1650000000
1890656089,16100
1607775696,18
1586296567,23200000
1968715775,380
1523640614,7290000
1851138886,365000
2049538409,4
1659681383,2
1799497289,1830
1704151405,6510000
1859501024,9340000
1692736077,6
1967105732,4
1671358097,2530000
2124381377,1450000
1364264200,41500000
1659768014,3760
1903405778,0
2036349449,7670000
1896711345,495
1663051798,31500000
1851500053,2
1769735179,19500000
1362730709,30200
1648220972,4
1685565791,1930
2000699778,419000
1975262700,6890000
1340641793,108000
1204509771,26700000
1628858109,5520000
1948517237,1590
1986999678,5
1506911040,8670000000
1972408769,155000
1900020592,11600000
1697513526,3040000
2060175298,350000
2002954521,4
1963060830,2680000
1516541544,42700000
1813956302,9320000
1735125866,7630000
2061410477,0
1571805991,19500
1637947715,31700
1645473436,5350000
1844276253,0
1817538116,31900000
1582019482,1880000
1617859818,272000000
1846130431,2
1822745915,307000
2044843498,1920
2125382273,858
2075283093,47
1220940514,620000
1535304911,15300
1703662934,82400
1931084507,2
1762979874,2120
2064254941,34600000
1609649344,4
1865783365,122
1405444935,78200
2078073228,8
1421693976,99
1714242173,1260000
1620052167,28100000
1540559140,277000000
1828552391,67700
1661924514,161000
1978615664,146000
2025088481,0
1688879334,155
1173346011,4
1785429809,0
1518064230,34400000
1988985805,0
2051430176,5320000000
1678856235,5340000
1746314464,6050
1982033631,26200000
1942141159,8580000000
1948856585,4
1709062892,186
1373429223,3280000
1205208046,301000000
1293393343,16900000
1723823877,23900000
1266833972,75900
1835305338,4
2063455043,1
1787610498,1570000
1910506040,3
1800901964,5
1535101479,614000
1610873855,3
1798099721,0
1872483918,1
1317248630,2410000
1470426567,2700
1824431160,1020000
1476762604,20100000
1234404743,1080000
1746094960,1
1851944406,4
1355880428,18100
1818548098,384
1532442239,11300000
1902484210,68500
1170230529,27900000
1714932441,348
1708863999,4330
2040127939,8
1747360722,773
1865256999,1630000
1968408423,0
1691358565,681000
1161399364,0
1230627772,4840000
1224783666,78200000
2122496937,75300
1916977891,9500000
1731630901,73300
1609421355,665000
1803692359,13200000
1769439348,36
1833066847,1
2012786130,6070
1814229775,2040000
2142515978,1130
2095385085,9
2131034756,26
1198429643,10
1511207229,5
1743707496,0
1640136080,1
1539475169,6
1772064830,142000000
1797973539,2200000
1694962745,835
2076437493,725000
1890437383,0
2067064006,0
1283276005,274000
1951741502,6360000
1949300412,1110000
1813964950,0
2140026087,9
1536763042,0
1849629360,6140000
1946722979,6630000
1759899165,9340
1372747352,654
1908444268,1940
1225237311,8
1698987757,854000000
1610814216,8990000
2142397604,590000
1232812654,55400000
1373553517,0
1533926168,4
1635710505,0
1499946013,33700
1875445690,313000
1454391446,0
1818889177,74800
1934330578,5520000
1706259648,146000
1569386670,13500000
1876129680,5890000
1347398311,19400
2089537338,0
1518129633,2
1643548213,5
1528983242,110000
1486710610,1340000
1756626391,1
1893466968,0
1668068899,5
2097953181,400000
1974579711,8000
1805278910,321
2041306555,584000
1872109819,0
1684235211,1380000000
1673297973,8
2004743590,11500
1882720874,6
1628212380,631000
2068047253,3
1982571232,7490000
1632168103,4020
1930868079,453
1898048778,3810
1426981431,132000
1778929962,3
1756066099,166000000
1923693426,0
1848457523,4
1215744686,65000
1581599914,20140000000
1664967605,319000
1646889434,364
2061497643,2
1816202639,0
1314931099,2420000
1495038894,2
1282769835,0
1655606411,0
1243459507,82400
1547638677,140000
1142634987,265000000
1846101893,424000000
1724978578,119000
1909576379,1790000
2004370887,18000
2095887386,21600
1640795048,8130000
1602004288,1
1284624885,9280000
1589260622,8610000
1833669404,3
2025755534,10
1919700616,8760
2048060566,449
1833617944,0
1869084027,101000000
1728075815,4
1721920848,1160000
1663904617,5530000
1191393895,226000
1635171049,25600
1929718383,2290
2063144047,0
1760964634,2310000
1536196325,9410
1853388538,1
1862003064,5
1879112059,86700
2028252898,6
1903905245,9670
1603453820,9430000
1864083197,217000
1862756691,6
1435162808,1930
1874827293,0
1865482251,5120
1966314459,6060000
1936720995,3
2096625089,5780
1908374535,1
1410943201,231000000
1717104522,229000
1479419510,10600
1447443948,20200000
1687795381,13900000
1444774046,2010000000
2097090161,1
1787826687,10300000
1385634919,4390000000
1995703377,179000000
1789329057,832000
1564270578,8
1640851922,202000
1349767385,87300
1565398884,2
1691679741,233
1884049239,3180000
1617785838,88400
1255093908,603000
1643516480,0
1926369436,10
1539103069,0
1337434715,180
1589813638,82600
1875888090,62200
1827826683,266000
1737135001,3
1664262514,0
1664727194,5420
1622132439,7060000
1247898220,1210
1612917219,84230000000
1960000147,2
1891171660,2410
1877414016,1
1885413309,7
1824869869,599
1674772768,1610
1921373151,0
1849592687,42700
1576823564,38400
1688884182,2
1618989880,3
2076436223,15500
2075222495,191000
1806358028,744000
1076364555,2690000
1736112239,15500000
1200989789,140000
1618130699,431000
1814953491,10600000
1218625630,970000
2123172858,9
1774801441,7
1502691083,7
1669826984,2910000
1806584732,3
1642346650,0
1904108557,15400
1953377653,0
1456839226,482000000
1922430800,742000
1763576447,4
2129275883,14
1621725860,96100000
1569533185,1160000
1684281631,2100000
1789636023,6050
1521790953,1020000
1879784821,711000
1552130328,1690
1263336917,35600
1751938520,2880000
2007292200,588
1948428959,7
1989718355,202000
1943107011,2
2005185833,9
1655248884,14900
1553815211,2
1484427566,288
2143330829,5
1888610629,1580
1742122776,4
1522828198,0
1289438143,41000
1515335580,1
1681804076,204000
1720124100,10
1538491336,463000
1591701162,7150000
1967017999,2100000000
1898658558,223
1914871712,3
1742473730,54100
2092076032,0
1842719738,3
1807019828,276000
1928317734,10
1558188005,28700
1966119381,1
1728329406,13200
1830230083,5
1769054336,5260
2103018283,137000
1951449584,9960000
1943034559,1960000
1201186029,24
1646801297,108000
1866535016,2
1503903372,5
1696210676,591000
1860907373,5820000
1669680385,505000
2127044432,31300000
1138352540,1510
2037493113,10
1729501707,0
1673166022,911000
1682959630,42700000
1520208077,255000
1300673311,17000
1375285292,4
1779540583,266000
1266238356,90000
2035994728,795000
1745867805,6900000
2119302112,21500000
1932112230,2250000
1673547610,856
1865869014,1370000
1580607025,5860000
1950180938,1510000
1798423983,0
1579327926,7
1870994219,1310000
1688760526,9
1873133258,317
1603144546,86600000
2073292586,7100000
1411955018,5
1344477226,6560000
1520907268,402000
1624310044,4840000
1415977963,7100000
1570042666,86
1493359662,1860000
1814919383,5
1199618653,13300000
1226718285,616000
2139457758,0
1139182644,7400
2046476461,419000
1512771460,209000000
1409862947,635000
1371554618,34300000
1832288731,2350
1735818191,3
1843745474,120000
1328600173,116000
1861739344,8740000
1827855186,41900000
1236854103,1260
1559959789,325000
1485677061,571000
1816958729,884
1429154090,5450000
1151309682,14400000
1989668113,8
2000903397,175000
1198037867,622000
1252716185,13300000
2060770656,2230
2121029811,189
2074143471,0
2046369862,591000
1680507154,1770
1974968975,1
1919260893,18600
2131978311,5820
1822505551,2080000
1744500992,6
1503214812,2710000
1634662259,943000
2021063880,216000
2046552888,37000
1515452517,306000
1884615688,16600000
1616534650,31900000
1959397697,212000000
1632913511,13700
1840250302,4
2021526270,37400
2075015734,3
2076645394,902000
2125975831,302000
1651070402,1680000
1191809422,4
1320527616,1640
2059362496,270000
1902188326,1180000
1728315056,21200000
1734239380,8
1471670592,41900
1847582945,497
1639987840,87700
2050866085,7160
1981860777,7030000
1788083074,11500000
1845867819,8
1812100448,996000
1886515843,4
1848841024,10500000
1159896914,5
1706408965,21200000
1653098338,9600000
1316014005,2970000
1691031796,103000
1893459653,179000
1892014438,5
1764782343,615000
2002192683,1
1727045318,228000000
1657848897,279
1990414356,63200000
1617715216,2
1936403080,5540000
1602953202,0
1739110235,7
1766227543,7
1392258489,10
1856269800,983000
1546863611,27200000
1808613011,153000
1897624591,31700
1766385480,2190
1825821808,6820000
2025265794,0
1823288435,2790
2016779308,8430000
1672075486,39
1857465392,12100000
1460063717,10
1767098486,4620000000
1555831323,782000000
1612712812,8
1865764636,15200000
2026623888,1500000
1584438181,52400
2021897772,0
1293268593,4
1929533805,2480000
1684646619,1
1863061961,444
2050472711,777000
1764849607,23400000
1221493696,5
1585280034,13800000
1534863309,5600
1850923266,5990000
1845406071,2180000
1488607350,29700
2132084892,9
1617287636,59800000
1679025511,3180000
1566336737,17700
1202500264,1380000
1956013338,13100
1912614017,196
1161631495,513
1783298376,1
1957804929,5000
1833931543,1590
1926091664,5
2006452516,115
1421476195,227000000
1929995621,33600
1747293207,5760000
1272690921,52900000
1663125611,6
1923412596,11000000
1241118965,2490000
1390741847,237
1727404276,3570000000
1904889133,26600000
1294555736,20900000
1899733235,78900
1283918555,141000000
1892013193,0
1687433982,5
1622818503,57
1914262414,9090000
1908201556,119000
1269509445,18300000
2050662166,203000
2088516214,72600
1799305710,175000
1982037576,3
1512261461,6
1845928005,2550000
1577932583,5730000
1600104038,17000000
1935967399,0
1900071166,35300000
1914663362,9
2091241857,1
1569255596,415
1155828281,9060000
2132113332,27400000
1650178781,1
1726612917,4010
1848108817,2940
1597865094,5
1833126335,2000
1812547524,869
2041570339,-1
1753171505,24000000
1664328646,73100
1924694723,294000
1759152867,13300000
1427153424,2960
1661896811,2150
1989340491,0
1491143583,43800000
2122243241,18200000
2047092672,420
1660506457,4
1813824166,3730000
1892425935,18900000
1849134335,26400
1384260554,-1
1895303650,1170000
1616132400,0
1350347856,9400000
1777993874,8
1586322276,272
1561857601,1
1551395858,337000000
1838515153,51
1462767584,5
1605383421,1
1636430366,7250000
1896343675,1
1869066172,3
1964941209,3
1563824864,7790
1553041701,123000
1498614742,9770000
1525841218,32
1371539402,26400000
1535216334,4
1895683231,313000
1631183258,8220000
1573335577,38000
1273730248,421000
1549748817,3260
1554707904,279000
1168750430,236000
1948662449,515
2103732309,365
1462485900,2390000
1984787209,7260
2075849256,5530000
1544751871,393000
2037224592,2550
2049213304,1
2130879916,5830000
1823437708,6180
2004356039,236000
2032947860,3700000
2095760267,5
1826474956,7280000
1761285076,4100
1288459149,1650000000
1949178416,12100000
1655933410,3710000000
1950127830,9
1748294567,164000
1142240447,3360
1944516497,4180
1661755733,20100000
2088567432,1
2048998767,2300000
2074255537,64800
2092564007,225000
1703393344,3
1538918798,960
1935319160,160000
1491704647,1800000
1983311655,34900000
2146129830,0
1583969997,5090000
1710996621,41
1841677911,791000
2080988761,98
1273351515,0
2124461853,6
1539766794,3480
1041204341,52300
1691029200,12900
2054005368,8
1913360090,918000
2079415187,12
1494057415,9960000
1941484251,243000
1555576422,300000
1807656689,346000
1995438277,78500
1830788117,2
1571505334,140000000
1940366869,55000000
1396765588,29500000
1189115820,248000
1611903160,8
1802938349,3130
1873189620,0
1758176431,10500000
1232573357,2010000
1910243810,308000
2125459253,38200000
1619265632,162000
1160159667,42600000
1879495893,9330000
1290986109,818000000
1994501423,2
1805114329,60100000
1786283430,5
1977888148,8730000
1985639206,741000
1602527746,13500
1708832774,79400000
1606523969,9
1561303587,4580000
2007938051,1630000
1643770220,318000
2062075366,10
1739483545,794000
1824075522,0
1855009257,19300000
1391743551,57
1277245699,35000
1682331560,1130000
1865924540,6750000
1556123937,27000000
2044001517,202000
1817061963,7880000
2146410765,2
1505702091,4
2120197384,51
1534307142,10500
2097651998,4140
2101812825,716000
1834304938,10200000
1669999061,5480000
1961645804,5860000
1503704588,7140000
1906141986,7
1959267020,163000000
1622909307,684000
1864669323,9430000
1866121704,3
1824165982,2
2037100941,81800
1922511321,57700
1769743298,198
1698378882,7070000
1982350057,39300
1784299392,3300
1767328460,1330
2131212848,9
1783103420,5
1664317137,5420000000
2112176626,260000
1869440077,17900
1751096110,830
1587948196,1190000
1626973403,639000
2076007548,0
1983465428,2380000
1306472209,1430
1978680105,4580000
1639370348,160
1795912913,91800
1915876610,3210
1955660881,1
1131653438,27500
1131653438,27500
1561799850,866000
1819751846,2
1183964830,1250000
2103935845,10
1646964905,6
1701645411,2900
1529924729,0
1765299090,921000
1725544676,261000000
1174133472,4740
1838036072,69500000
2132338512,169000000
1630657054,1
1284463662,630000
1926653186,1920
1763263181,10200000
1314689211,204
1474414643,1690000
1394042173,220
1722918121,377000000
1271536335,25200000
1699727314,7020000
1451962012,359
1586064809,687000000
1325584978,59300
1681285337,4
1276013656,998000
1870963113,41900
1687493778,9
1902055390,67300
2036217722,3000
1623560919,2
1848591378,9
1949170702,1200
1965831568,945000
2118619205,698000
1578720028,19400000
1800881972,28600000
1829448919,229000
2009809810,62800000
1770952554,602000
1348615471,28600000
2092371168,46
1937228516,10400000
1716414197,10
2137280046,954000
2067862357,4
1950155279,26000000
1781938951,120000
1895253863,886
1515251201,0
1917432477,1120000
1231573037,14500000
1461404753,56200
1889226193,91900
2053621004,5
1928103390,71200000
1091256481,630
1478054805,3900
1540456693,7990000
1507472893,8
1515735516,2720
1258117138,2490000
1471686231,2
1706702504,1690000
1621029741,1040
1526228949,821
1704618526,370000
1379220528,820
1425926746,362000000
2029304753,92100
1389613082,343000
1225385989,116
1721564202,347000
1272132780,778000
1160326833,83300
1774923898,1350000
1081134507,2030000
2017607396,6390000
1610321636,1
1593445255,487000
1957657821,5290000000
1697997409,34200000
1503474018,3
1357758194,1190
1961376815,838000000
1181075829,235000
1940693251,75100
1387017076,140000
1841457490,6350
1255640555,195000
1405022599,2580
1889969719,0
1807829581,64600
1281039706,274000
1191067611,3130000
1724326658,6140000
1635706132,1710000000
1196244527,11800000
1953093226,342000
1536343867,108000000
2074300055,3180
1661028162,2810000
1951930368,2170000
1664347446,3
2014657864,7
1694672966,2
1338894271,25
1955996893,0
1630608964,93100
1794117176,472
2136248208,1390
2135695595,3100000
1757660817,11670000000
1792168446,14300000
1631173186,2
1207360920,7
2100168874,0
1779238447,22400000
1502660875,1
1904162082,9250
1652870607,887
1379726934,7210000
1250784340,304
2042254402,31200000
1596891197,585000
1359817174,6
1210101351,180
1534776853,67500
1275152090,21100000
1580608462,649000
1859747336,783000
1330798016,6090000
1522248128,3
1586768404,893
2006191157,0
1877582839,22600000
1228775770,56
1846203009,55200000
1777499950,2180000
1722313083,4
1656295604,7
1940602126,59000
1679192924,609000
1757024894,22400000
1859403129,84000000
1870180510,5
2030047822,27400000
2057257262,0
1876174346,313000
1716557109,10
1690210072,744000
2018003245,151000
1508481262,359
1717828720,529000
1872165862,1330
1940086854,165000000
1903748755,1360000
1806727643,483000000
2025761757,0
2052418482,1590
2038734726,0
1326176846,1070000
1956847400,669000
1715310811,135
1808297330,1070000
1848964495,108
1983593550,4
1154583907,9730000
1597113681,277000000
1880978727,712000
1982087075,6830000
2079818944,554000
1251055824,177000000
1482921272,95
2078730098,89100
1731239234,896000000
2016073101,54000
2025779041,313000
1565806806,111000
1513017569,5
1598800885,2150
1987657009,13000
1708133304,7080000
1358406127,349000
1880486843,4
1154255270,142000
1715731474,58
1943314515,249
1824688512,284000
1503348447,0
1719212545,27
1560311150,289
1679565923,1020000
1257188796,0
1971286157,3
1536071673,27400000
1956554427,158
1877449976,496000
2096209177,0
1721478039,18
1460402653,23500
1824890538,6150000
1403343483,244000
2127280158,9180000
1447608166,385000
1471829763,63100
1304468457,1960000
1655729878,2900
1591195792,2
1159458943,35200
1687894848,0
2026310004,1310000
1884609064,3200
1502377469,201000000
1690278194,5660
1757832168,81600
1709993741,864000
1603581335,10
2004463865,136000000
1642762778,3160000
1867789434,236000
1913098543,10
1910393777,111
1842105534,876000
1433836541,5910000
1533947098,12200
1830051079,1430
2088202001,18
1877175759,38500000
1864837839,6870000
1448730354,16400000
1515568597,316
2003092868,214000
1803889347,21400
2123302198,58500
1967229964,3
1890668476,10
1630769443,20800000
1226779497,5930000
1792525334,508000
1366213884,107
2090930578,8180
1905119305,33100000
1272264239,119
1835022494,14300
1442146680,748000
1945868001,5220000
1656570085,1
1643582343,981000
1201147311,8740000
1854009800,1
1613254587,36700
1814566033,43300000
1779305048,56300
1501360486,6
1946190232,109000
1542225240,8420000
1879209088,342000
1788472347,22600000
1162438521,2030000
1678599782,22600
1924874133,6240000
1860714572,455000
1882202454,64300
2039026407,7
1875140049,20900
1758613796,83
1351971483,3
1318581000,605000
1867447884,22600000
1879138138,59100000
1664474182,6370000
1167179352,0
1544359191,132000000
1586513860,5
2137904505,14300000
1245607234,10500000
1250691161,8470000
1977107591,7
1368346239,5440
1316090535,10
1233247406,184
1965673850,9670000
1670486189,2170
1708005298,2
1969002764,1180
1872908471,8430000
1111954314,2130000
1111954314,2410000
1147705114,103000
1271220721,11300000
2140506734,1420000
1138218909,0
1517827699,68400000
1699059932,1
1846075412,0
1550338709,32
1752246135,811000
1941947600,446
2133444794,1
2028711964,3260
1151622300,1780000
1622169145,38900
2087927250,5070
1826639515,10
1852881711,768000
1167676355,8060000
1610331006,19100000
2109136242,2
1273659536,2690
1840844547,11400
1503024312,0
1272400978,53200
1198879113,702000
1486726074,0
1880540494,1350
1862181378,6
1875324990,7390000
1534663348,4
2117846018,4630
1774703780,10800000
1141553099,2130000000
2131369535,67
1962810645,82300
1683158479,246000000
1844338121,23700
1512166937,2
1083691287,85300
1374991572,802
2127701613,1900000
1681660732,50900000
1853668391,920000
1910276290,3
1889012644,18900000
1741901719,10500000
2135492296,638000
1513433427,730
1508360146,6130
1549484388,740
1882847892,21400000
1870966974,5100
1819170235,2
1876381079,650000
1784232957,6
1701525898,140000
1723908790,376000
1940030532,2150000000
1511211567,6310000
1608779703,96
1875270298,30300000
1891902777,26400000
2049025964,1620
1353690962,0
1831027221,2
1523389836,543000000
1661446698,329000000
2051887111,19400000
1801893140,3
1867919967,2440000
1775978860,1630000
2018308532,2610000
2104126533,1200
1725316529,10
1771897018,5270
1960641363,215
1545162769,8
1927502781,7
1780735805,3
1761551667,11300
1935011219,7910000
1909157785,385000
1727351282,1350000
1559950767,261000
1888896656,212000
1645310708,17200
2136836418,3
1711700678,4670
1758190280,32600000
1709162949,8
1481329390,6
1978677034,170000000
1417270309,162000000
1717985587,785000
1716381985,7540000
1289589708,10400
1774607425,30200000
1509971475,57500
1658307656,22400000
1851311754,25400
1518661728,53
2141328164,8380
1465512414,26400000
1956530058,372
1625217804,105000
2060295634,10800000
1889899507,10300000
1813301167,0
1877971714,7490
1935547054,5030000
1631743822,793000
2017450167,1320000
1429221382,534000
1242618306,0
1600418663,2
1513206774,211000
1921727485,2000000
1170209113,44900
1191462807,352000
2078400383,93800
2130653053,4
2052354671,642
1275138593,595000
1983163811,980000
1853624365,30900
1896935649,8040000
1789290041,1470000
2035558278,0
1590292614,7440000
1178367101,6940000
1651530497,10900
1718254872,3110
2063667221,56
1967968107,386
1822220080,129000000
1564088036,2750
1429133385,1860000
2024366527,3
1633604978,68900000
1897832149,388
1856275558,93500
2135254754,337000
1636186802,1
2131174062,0
1363528698,290000
1844880504,2260000
2020511472,1360000
1758180357,85600000
1573556505,1
1587274428,242000
1847824149,2050000000
1302686533,16900000000
1573144513,533000
1961818015,90100
1844989579,604000
1831374272,885
1656364104,1020000
1979663523,0
1891462520,0
1933660995,6
1864723255,47900
1718573552,1090
2126921202,6520000
1985589638,69500000
1272482458,25400000
1539419630,43700000
1344533835,8
1467945041,5510000
1450129849,12100
1279589597,42200
1769800908,86900
1816071803,2
1856104287,1980000
2005077337,1
2099922020,0
1393916613,714000
2145637813,29700000
1848976200,91000
1736827918,99200
1837729283,8040000
2054251603,95300
1313311705,2930000
1749304931,389000
1600356322,11200000
1806921665,11900
1547425420,1070000
1156820779,1360000
1873809201,0
1801775502,287
1803585128,31600000
1994164675,64500
1743539211,4
2006954505,7980000
1766041025,3
1937185837,7220
1803274813,0
1065912676,421
1065912676,421
1706091230,0
1183939535,50700000
1119856393,65100
1849523964,5
1611260755,0
2027217951,0
1879497983,97
1871130557,9
1982597837,6
1881870062,12300
1760401332,84230000000
1900465315,463000
1448373604,0
1867178046,8340000
1831278342,870000000
1893116489,3630
1278006447,35800
2127393555,32
1287085792,21
1981696977,111000
1204890094,54800
1287444439,53600
1514830692,0
1617883902,102000
1989345757,2
1585412460,401000
1187837479,316
1497789408,9820000
1525468768,13
1569302622,2170000
1839597581,528000
1966528967,311000000
2019077661,145000
1405580520,17200000
1686858891,38500000
1890995000,6
1621217360,2900000
1624129430,6
1876614357,5
1194780614,201000000
1686574345,6
1528098539,448000
1882206779,22400
1176519778,535000
1120349513,213000
2020812664,12800000
1169906443,470
1530391545,9880
1793063109,343000
1773591302,2
1850633951,0
1620839774,159000
2099490244,0
1697258316,940000
1136928981,20300
1879228522,934
1521819469,20100
1653583868,67200
1630998215,1390000
1926399765,17100
1305492724,5170
2094060355,0
1876045262,200
1616988735,1
1574513709,7
2109071383,4070
1627743183,53100
1739201971,0
1388012744,721000
1950766387,254000
1695102393,2
1701002268,0
1644549920,9490000000
1967800700,2
1163995830,20500
2144976727,2890000
1516331650,89100000
2011317756,8
1970684067,43200
1781753095,197000
2015414263,500
1134893606,72700
1134893606,72700
1933533110,6040000
1296914366,286000000
1467316048,132000
1682293557,19200000
1599272240,1
1899769047,1
1684403199,581000
1708492067,626000
2031836836,8
1586656122,121000
1319926994,120
2100842573,7
1874648337,0
1807417698,6410000
1273490643,2900000
2067535255,0
1614078980,2050000
1856775471,5
1927345964,5
1855223287,4
1904124268,575000
1814483585,156000
1647504286,594000
1327250968,893000
1679857790,3920
1945004329,1
1450997731,193000
1794043786,3
1299623832,11500000
1769816178,472000
1722245463,0
1347270823,29200000
1667538052,13000
1961873401,1490000000
1803049133,1000000
1528310686,15400000
1560741028,8
1210030940,4100000000
1792774174,1700000
1802352238,0
1974681424,4400
1774992189,7
1864290881,3980
1731504812,17
1856339781,16000
1667351309,1790000000
1482066801,0
1645194278,0
1548581986,9
1814644385,9
1740840887,629
1919065192,5
1557060889,13400000
1683479778,1680000
2034411692,2580000000
1666588140,52520000000
1948202492,4
1352068023,804000
1641287666,125000
1561840458,5830000
1685534437,14400
1623954340,51400
1621268460,27100000
2095651303,153000
1896642525,3
1854828036,96900000
1849807867,8640000
1663573359,618
2073477930,464000
1038858387,39900000
2032829116,2020
2007701552,136000
1991636115,3230000
2146095763,1130
1790985827,144000
1903034770,43200000
1406288769,321000
1907507966,28400000
1891802936,0
1824389098,482000
1750402411,3
1688314055,3
1871541899,5
1808415054,5
1575930326,2
1804107007,6300000
1933978374,727000
1763480361,104
2061056412,1610
1943410878,0
1478236516,2
1693816975,3
1867395811,766000
1893687760,409000
1694838163,2
1171237293,61
1474410900,546000
1924399443,0
1376960040,36600
1210377942,1950000
1546393281,3850
1889072919,0
1202223837,65200
1991876302,0
1395732144,7860000
2072629512,6990000
1897876588,73
1571722111,0
1853289894,558000
1914956100,952000
1680414253,18400
1736773848,15200
1848863232,15100000
1756151517,528000
1806724221,1080000
2041734995,5
2088590101,48100
1878918294,15400
1569628265,8950000
1444695561,167000
1662804321,6930000
1714368103,280000
1481766460,556000000
1540097818,1620000
1916163793,449000
1952212211,304000
2081433600,6130
1918074042,22400000
1972627460,7100000
1374538304,1130
1844606113,49
1918692855,7400000
1969737420,616000
1859733904,369000
1306924786,239000
1692545097,5050000
1609127253,66700
1340242864,7360000
2023647093,34900
1446530460,1090
1881105100,6
1168270657,361000
1643261330,561
1935456624,4
1255055458,1590
1150405975,729000
1952549733,46100
1276804329,27400000
1469092838,1180
1833757897,110000
1686386448,5800000
1597333809,625000
1664706424,12400000
1136215484,142
1136215484,142
1560608206,970000000
1873676084,8980000
1348775266,10300000
1805518030,1970000
1763904782,14700000
2084273235,18900
1695296125,1
2122737980,0
1325257004,11100000
1488880657,26900
1759603432,1
1653137055,55900
1523454858,66000000
1605235633,153
1883552898,6
1846205359,36
1913330523,1
1964354458,8370
1195956014,22900000
1788712863,6660000
1230466814,426000000
1869687184,0
1547913749,2
1858402584,1340000
1934196587,1
1866198178,15800000
1613327601,15
1916969618,16300
1547088100,33600000
1683242029,3
1458168446,20190000000
1511066371,12
1719472814,0
1615062770,0
1721179932,72
2032197942,0
1748927174,7350000
1157385884,533
2004787827,4390
2085922898,5
1611404132,2
1924813308,2
1785384202,4
1937674770,92
1955525597,0
1235800053,9080000
1210222757,2290000
1818261689,34200
1781831936,19300000
1936928306,2170000
1939583754,7
1682375679,10
2097099094,590000
1562612211,3310
1850654939,1410000
1398610994,5400
2098053589,5
1463769241,1390000
1845111381,43800000
1850926609,0
1186079628,25400
1864220069,5
1485076968,12500
1810712572,7870
1809351654,14700
1967121593,4
1978400836,233
1250542830,387000
1324114420,0
1670395874,822000
1976408197,0
1639597743,4830
1932811591,0
1941565555,122000
2007452064,121
2006994387,1
2034296133,2
1839044783,0
1622260519,0
1640096717,6250
1776346898,24300
2079042487,41
1715516512,-1
1810693979,64400
1590509501,1
1873097405,0
1410201107,85500000
1877889667,225000
1867487676,1
1649351011,2
1798000382,1
1965137879,335000000
1489824678,4200000
1710267534,1
1440936617,53400000
1607028745,4200000
1617140091,24700000
1425304148,1780000
1761674759,3300000
1920090845,6890000
1839374237,875000
1810178897,38100
2048161290,164000
1499588711,2590
1961084650,3
1121269439,17500
1223438606,39400
1598256929,13400000
1607077882,20200
1790388842,4020
1971525741,7260000
1817247748,1
1550580241,32600000
2000519842,849000
1862788303,111
1807989311,167000
1754149578,15300000
1545992877,26100
2118939142,6390000
1575370418,19500
2076343163,8
2041632410,2
1343555082,1600
1539793367,7
1735403238,6
1842835978,8080000
1664521089,1
1820436056,3
1968999031,49
1564925210,514
1972382065,6
2040985604,5
1453025031,42400
1367564606,876000
1673299210,6
1949771276,3
1688584291,1
2058819322,0
1483614661,496000
2054547601,26400000
1602190241,0
1314803735,48700
1747645024,594
1466184067,3580000
1504206993,0
2064057868,1050000
2092847938,2890
1960128711,3
1809409395,1
2006953309,2130000
1970903157,482000000
1881650526,27
1252552160,298000000
1482534879,640000
1859198963,2
1869756158,3090
1705097523,4210
1152975416,83
1828265495,2910000
1613304758,1160
1880325066,0
1540746323,10600000
1432667025,536000
1796674031,1300000
1506841724,76000
1906213827,14000000
1628795549,7
1807097457,3
1833933416,46100
1987449802,7060000
1482173451,430000
1747686180,10
1870189033,1
1330456485,609000
1527229957,2430000
1129075642,5330000
1129075642,5330000
1564478923,0
1531745429,16
1293529913,1560000
2014301438,8930000
2031489305,1
1632282225,1570000
1772368075,5
2139675709,10
1961707026,14
1524263025,1200
1934827625,18000
1927505434,8
1356098936,39700
1054158670,32800000
1054158670,32800000
1366330912,1040000
1869255528,1130
1749418304,895000
1822558956,0
1973616752,0
1295227545,10500000
1361267726,8790000
1965137694,10400000
2011886550,355000
2146488815,0
1698248167,122000
1620568073,5060000
1693564675,12200000
