1716083092,1340
1845078330,5040000000
1586478704,5040000000
1840321445,1
1432839061,5040000000
2068890608,0
2132466974,4
1646986935,8
1713223638,5040000000
1285279036,34400
1814933397,5040000000
1296753587,0
1525154578,3
2131901801,2
2095865728,0
1982635310,5550000000
1187649904,1
2062285776,0
1283844154,5
1579032166,10
1861687239,6
1880056550,5040000000
1731276015,2
2140490522,0
1897537586,5040000000
1712190715,26000
1841666593,5040000000
1984415241,5
1584591478,2850
1542621485,46
1232797733,5040000000
2023260922,1
1619914708,6
1699118021,1070
1967074641,1
2084091385,1
1985229154,5040000000
1153350189,12800
1981167361,5550000000
1579946509,5040000000
1475451787,493
1535509485,1
1929677435,4
1976925146,18
1636108028,5040000000
2112376492,5040000000
1383299309,8520
1832251452,56
1636712276,1
2097276878,1
1298864481,9
1986580047,58
1826714620,1
1887298973,0
1994760638,5040000000
1559203927,5040000000
1922875432,1
1993414694,0
2094483872,2
2040403357,0
1673407471,0
1767773211,437
1649468178,0
1176335875,2
1821652100,4
1720163127,9180
2065135000,5040000000
1993819231,0
2063746008,5040000000
1635066310,57
2018235531,1270
1823968932,5040000000
1243257696,124000
1453007459,29500
1806472596,230
1910051591,5040000000
1721607748,8
1953479669,5040000000
1718695271,3
1718132138,5850
1813385325,2
1769499653,3
2019762430,2
1946540662,5040000000
1835282017,506
1909028034,1
1526135438,18100
1790458132,5310
2071652892,0
2087698486,10
1545418538,153
1705231753,5040000000
1901513786,142
1373062425,7910
1921236813,0
1965671219,0
1748472218,57
2017162041,5040000000
1379677908,3510
1977253955,1120
1683799751,5040000000
1834233743,4
2040306839,0
1287519962,6400
1959161523,2
1995506636,84
1778178960,25
1816274390,0
1463116223,0
2138599608,5040000000
1928680550,5040000000
1220162150,3140
1714381374,5040000000
2075392019,8
1101344589,128000
2122718710,2
2100530989,5040000000
1623440846,4790
1911491618,0
1188048294,581
1452399847,8
1310813516,0
1639267362,5040000000
2022476088,8
1302507873,20300
1420136123,0
1929261083,5040000000
1864593238,6
2012438227,0
2050572457,5040000000
1952049597,77
1049864467,10900000
1563722782,935000
1530659317,8
1552085121,5040000000
1975080686,0
1225718471,1
1551432456,1230
2020629237,25
1575848387,1
1197558695,1
2080811183,0
1694875030,5040000000
1536787267,66
1477237431,5040000000
1931727874,0
2005434883,0
1896788877,5040000000
1602331438,31900
1685936304,5040000000
1928477854,2
1888976313,0
1936587007,4
1987904530,5040000000
1620165907,0
1244479369,1
2115019770,5040000000
1652587424,6
1416564740,0
2081199375,549
1121481396,123000
1121481396,123000
1566398633,5040000000
2023521290,5
1847199310,1
1540865838,6
1782796404,5040000000
1813856943,18800
2117099994,5040000000
1990176234,28600
1865963633,5040000000
1211226341,0
2031614318,0
1441728962,70
1947014723,5040000000
1327400694,3710
1537192603,256000
1790563951,0
2042759924,0
1957145604,5040000000
1688400510,5040000000
1606460016,62
1885160466,4
1203512126,5
1887097481,1
1519672276,0
1765922192,220
1825629377,1
1149676046,8
1986901487,2
1699122810,1180
1936518744,0
1245587517,369
2027283467,1
2059167033,0
1464807751,1
2002939788,17
1800771276,1
1709030479,5040000000
1374891565,1
1937099979,0
1664679572,0
1772764454,0
1896818500,0
1622672622,0
2028749367,2510
1627647267,5040000000
1434066516,4
2105729089,5
2039019926,229
1634444957,5040000000
1353918258,5040000000
1216775179,2040
1900260799,0
1708435916,5040000000
1627777975,0
1901302385,121
1663232930,0
1736390415,5040000000
1950610533,0
1963255709,1
1544081241,6500
1979530989,0
2032504595,0
1648743613,0
1875532811,0
1551870734,8040
1901226381,5040000000
1441594351,1350
1835628667,5040000000
1914438403,3530
1626121140,851000
2087683232,0
1605475284,5040000000
2031117379,3
1701808044,77500
1746275893,30
1699911854,3
1355128345,101
1519602941,8
1646865559,5040000000
1861917635,997
1924719960,19
1158981549,1
2128066975,0
1603799688,7
1175926478,4
1727372166,9
1623286978,2
1926060263,967000
1400180589,1
2087859786,1930
2042580865,13900
1822547753,5040000000
1503981291,7
1562000132,2
1932911077,0
1936391621,0
1539772475,4
1633364308,5040000000
1857677920,5040000000
1914923052,0
1766269546,0
1321538705,10
1507765950,5040000000
1865009343,5040000000
1634254291,5
1973735579,5040000000
1198422501,16900
1297461002,9
2132253258,4
1570761602,1810
1675173782,0
2053447580,148
1858487209,0
1311135887,664000
1956294881,0
2080479126,0
1874093582,20
1817265742,5040000000
1752357224,2850
1840870919,5
1680071158,4730
1862710520,5040000000
1734904139,5040000000
1772855473,5040000000
1561884627,5040000000
1668325898,8990
1886754679,5040000000
1260602965,19
1353277506,516000
1552988280,308
1844909781,5040000000
1881184787,2
1799025401,5040000000
2054001882,5040000000
2073277893,0
1680989600,5040000000
1990075952,1
1835430796,5040000000
1977503255,5040000000
1734852946,3
1516879236,31300
1763655010,72
1816487129,2800
1160630420,1220
1653755407,5040000000
1762108917,3680
1933610553,13900
1215763672,251
1630687973,0
1734564636,5040000000
2130840481,277000
1812729720,62
1248797058,12400
2141634082,0
1321678607,10
1823559069,3
1470184540,27
1846352989,0
1822956410,5040000000
1520204913,0
1709719562,8
1546301242,21200
1709761324,1
1644108873,2
2143024929,55
1835430725,2
2114790266,5040000000
1562178961,1
1857958024,47300
2112225713,7
1943129567,2
2003461862,0
1927660679,5040000000
1872200230,5040000000
1234992825,17700
1403940797,0
1821662796,3
1820283999,0
2025697560,5040000000
1218575438,2
2078631433,9
1716937036,5040000000
1849502648,5040000000
1711450965,5
1576046687,3
1467431504,2590
1510633829,4
2102240990,1160
1797337928,5040000000
1369206549,52
1079832019,6920
1890501840,2
2065423401,0
1528120277,0
2030966638,441000
1754894475,0
1988436808,5040000000
1736665625,0
1269230377,2270
1848564212,9
1932429375,5040000000
2061962458,25
2034218630,0
1826422045,5040000000
1533858393,0
1261937842,5040000000
1540906139,5
1631045664,0
1228519775,2730
1810545133,0
2108170049,0
1205020667,147
2080963419,8
1472905869,0
2075987969,6
1903175326,78
1997787937,67000
1637389320,10
1279841660,1
1712627878,5040000000
1864141205,0
1861487177,5040000000
1925429846,0
1676554727,4480
1490565022,56200
1890753384,7380
2067667755,164
1928016505,0
2019940279,24
1469573918,180000
1909625500,5040000000
1615510108,33
2146952306,6
1702766907,5040000000
1683600604,59200
1909947930,4
1752985810,211
1825897017,5040000000
1463713907,722
1955870483,0
1655360170,2
1540667959,30400
1872675730,5040000000
1905044129,2
1649382839,5040000000
1213375011,6
1785672099,10
1387492216,129
1373830166,8710
1247493529,8
1489777566,8
1852218989,85800
1586757776,0
1898503016,0
1951325741,3
1842343235,5040000000
1912657658,585
1519537259,6
1872451213,0
2103730714,16
1291128153,7980
1961627435,5040000000
2135018097,0
2102971175,0
2052897656,0
1515625126,1650
1968540489,5040000000
1648803255,0
1882473451,0
2051007170,0
1537504342,5040000000
1272697366,1
2033862000,3
1931107397,0
1712740074,6960
1832051706,0
1965711432,5040000000
1150040471,4
1208158713,58200
2007519990,5
2019080784,0
1813165561,32400
2098819930,0
1735493442,22
1730989594,3510
1559266121,46900
1951654833,5040000000
1572692310,5040000000
1943356332,6
1942080162,5040000000
1945471773,10
1892202708,5040000000
2115552759,107
1841219166,5040000000
2140326468,5040000000
1212343134,13400
1839626750,5040000000
1577312843,1080
1752074725,5040000000
1980680662,0
1789848616,3
1558386928,0
1209160699,1960
1743668092,1060
1826305765,5040000000
1730843878,6
1843889612,5040000000
1227467426,5
1329381154,184
1296965064,52
1713713089,286
1799963962,693
2105049361,5040000000
1511856102,2
2098353956,5040000000
1232495539,0
1965283074,5040000000
1610688795,158
1974963923,5040000000
1345645558,814
1783590416,4
1885595077,5040000000
1852059624,0
1428199307,687000
2141902561,464
1859921172,5040000000
1248678307,4750
1299072962,5
1569898977,29900
1161864232,7830
1986113901,5040000000
2003136490,7
1591310141,306
1083214972,30500000
1083214972,30500000
1555215259,7160
2058644789,2
1817921569,5040000000
1947821553,14
1542739472,1
2015424211,5
2050475678,5040000000
1769992861,5040000000
1829958901,5040000000
1465772735,48500
1937891415,159
2077055243,0
1282851157,10700
1324553096,3050
2087154203,2
1950790562,4
1853477904,2
1948108727,3
1420213874,650000
2061512220,2
1870355831,5040000000
1569442657,0
1857996428,4990
1841439595,5040000000
1912382164,0
1985643651,0
1649499061,28
1593867100,1
1602471037,1
1764569584,5040000000
1952245456,42
1209542762,500000
2032573665,1880
1649079483,0
1561351903,0
1967243019,3
2074644848,623
1871913452,28800
1780968650,5040000000
1861750671,2
1486078345,76
1426847805,9390
1756763872,9
1479541237,0
1905243397,5040000000
1573714784,183000
2102279905,7
1788929958,1
1797958766,293
1186956171,423
1895419745,19700
1906047500,0
1922132377,18
1589236132,1
1870662875,1
1687397461,21900000
2119029968,1
1344564766,7040
1946080330,1
1509251833,6
1944174681,90
1527373614,1
1547882066,0
1809906897,1240
1222956728,142000
1284494558,4530
1824728721,3
1609100007,5040000000
1976294449,0
1660182162,0
1152563569,5100
1875194960,5040000000
1537775394,7
2112854555,0
2003030816,3
1927898444,5040000000
1509540299,757
1532874001,1
1684494012,2
1933800891,4
1986433992,1520
2000946455,5040000000
1832792908,5040000000
1447562079,74
2023116722,0
1717026784,5040000000
1684046413,28500
2120042586,5040000000
1622741429,4
1996524606,1
1793094810,37400
1232962834,21600
1440316468,8
1580088198,0
1959848156,2
1649843893,1
1520142359,0
2054698888,12
1982378624,5
1922602177,5
1277949401,1
1656954204,4540000000
1934806741,1
1799180742,6
1422617888,2
1829358017,5040000000
1379799613,130
1977438524,1670
1668803653,15300
1893212430,4
2067588249,2100
1718848366,1
1865715290,3
1980788400,0
1905419510,2
2107224568,249
1986596326,144
1951878196,7
1164942987,14400000
1398237818,69200
1174090215,640
1561423827,16
1258461004,1790
1831822585,5040000000
1473673557,3
1864792855,0
1912442753,5040000000
1610023751,87
1749945881,3
1963438181,4
1852544444,1
1912565884,5040000000
1555173582,7
1250077680,13000
1897504710,0
1834639641,5040000000
1905569922,1
1560533415,3
1925026267,5040000000
1779207974,5040000000
1741698192,0
1868564182,367
1983281574,6
2049318204,5040000000
1273666266,477
1575539197,5040000000
2059563284,10
2097725744,28600
1190456694,4000000
2146833763,76
1669767923,5040000000
1577311564,1660
1944806522,9290
1517773761,6
2031702623,28
2075708065,5040000000
2022961732,0
1807334025,884
1290029410,139
1701089100,5040000000
1339263194,459
1647982315,0
1935389882,0
1481617251,0
1970806584,0
1855510520,5040000000
2015937466,2520
1441801732,23500
1452269124,367
2043680897,5040000000
1927855349,3
1902467378,2
1804505786,1
1205713148,1
1835649634,4
1468116299,9720
1929117423,0
1768212814,1
1892311128,5040000000
1459708107,0
1775923414,5040000000
1737342237,7
1484166996,88
2146729956,5040000000
2095789574,5040000000
2086375188,0
2120553924,0
1975293634,4
1948992960,5040000000
1658575341,0
2047686604,293
1859962708,1
1662977668,205
1970452516,57200
1770280683,5040000000
1800375538,5
1457998979,142
1903132492,6
2059354753,0
1519137388,5
1546553705,3990
1942096242,1
1690004891,5040000000
1865432777,5040000000
1698597077,5040000000
2045111725,0
1206444822,9
2107442054,4
1586328756,231
1674334090,5040000000
1909179346,5040000000
1787394795,8
1724227751,0
1974922383,134
1840122875,5040000000
1945692689,30700
1744286190,5040000000
1217666318,6
1952582685,69
1794152770,0
1356915330,11400
1355805802,402
1629658151,58
1559186552,1520
1334756317,9450
1541596543,5040000000
1763030653,5040000000
2064626352,0
1876901249,100
2073761719,5040000000
1909614379,5040000000
1843030792,4
1962045494,1
1251645632,114
1357587490,35
1955661688,47
1668673684,8
2146144507,5040000000
1801920788,0
2020350444,0
1976355871,5040000000
2103487217,3
1643348261,5040000000
1222191716,0
1878608547,2
1681108578,0
2054421254,119
1819101704,1
1563725634,3690
2119286213,8
1720297770,5040000000
2083805333,0
1642662516,878
1754745709,60
2099802517,3
1968121461,5040000000
1392799833,8
1924062234,7
1138739178,2
2133821795,14000
1829931168,5040000000
1751885130,1
1586158085,3
1620667286,1850
2030250593,0
1984953282,62
2045418156,0
2110502083,0
1839073382,5
1922755763,0
1504683408,0
1720349557,72100
1846172069,3020
1947793706,0
2044303172,39500
1864006116,6
1779398226,208
1584975413,2
2019171977,11800000
1498464328,4
1413732564,0
1844470038,178
1826532803,0
1340762202,1
1986980595,5040000000
1938464016,5040000000
2053209563,0
1622025951,5040000000
1405330338,1790
1824866325,113000
1102950594,1
1102950594,1
2023614480,6570
2026614847,3
1840485468,5040000000
1444743878,37500
1369944285,3980
1772157104,5
1719245729,3
2040326423,4
1602439146,5040000000
2074308872,5040000000
1543715089,3
1457223065,6
1843994273,1
1884815267,0
1928835518,4
1950962231,28
1715044939,0
1698678936,0
1502930250,5
1756429610,100
1889902244,0
1788729843,0
1946064657,9
1638324896,5040000000
1289294178,6
1616381335,151
1958733871,5040000000
1908610961,3
2022058320,1910
1897561764,5040000000
2012010895,0
2034975951,0
1884682462,3
1975686942,0
1585041209,3
1982362266,176000
1666675634,735
1843026792,0
2077250242,5040000000
1811144012,5040000000
1210925211,508
1944554889,5040000000
1900247477,1
1973887019,471
1226118071,11
1867270495,1
1198474855,5040000000
1480240831,989
1591868614,128
1878077722,4
1690056963,4
1941432364,9
1214177633,6
1235106940,0
1671295238,0
1550806298,32500
1457614751,192
1177112795,211
1970985942,18
1531323005,18800
1845073294,2
1541561457,0
1645309648,0
1957233405,1
1834361749,8
1812865774,81
1629688277,359000
1692429088,0
1736063871,2
2044952596,10
1873713697,0
1966267523,5040000000
1839470044,0
2038805151,4
1870387584,5
1863231393,0
1910960870,3
2077580079,1
1585721661,5
1754257225,1
2095992099,0
1563548099,0
1835689815,5040000000
1590427447,7
1646464249,5
1699381313,9
1247405010,8
1982937631,499
1242382953,6060
1420406769,9
1985891580,51
1814587447,0
1477780783,9600
1938206945,5040000000
2012040272,375
1884085567,0
1266745246,0
1984305426,1
1691980393,127
1858842778,5040000000
1651592428,413000
1865138099,0
1797771356,5
1344033202,6130
1358633806,165
2054216889,0
1878328726,1480
2086316021,6
1717455985,15100
1978947375,5040000000
1305636370,6
2071672689,5040000000
1969373592,0
1870403814,6
1518389630,8
1566531205,3200
1956053459,9
1735364345,5040000000
1891506476,5040000000
1909128922,5040000000
1899384739,5040000000
1336270610,5040000000
1973431275,521
2025137227,0
1906862184,5040000000
1949251515,0
1924397132,5040000000
1783768610,283000
1642501171,32000
1677351010,0
1213048479,3
2007128297,0
1885646380,0
1375672277,6
1398053432,216
1838286050,3900
2017368495,7
1126162779,1
1604736211,17
1281274611,46700
1916251591,1
1428400962,83
1605319232,5040000000
1556973619,643000
1870937827,0
1466880416,10
1541180109,214
1273563722,5550000000
1955810061,1330
1730549870,34400
1920242019,5
1732939544,54
2117193675,5040000000
2031482246,5040000000
1842584861,5040000000
1258050839,52
1717690801,5040000000
1339968859,49300
1097059647,1510000
1870590761,5040000000
1915498639,10100
1999059655,0
1219103321,20
1158400200,770
1887478282,5040000000
1511166297,5040000000
1707144907,5040000000
2144855191,5040000000
1620895117,7
1558208145,5040000000
1215565141,0
1145432806,1790000
1402541698,291
1319812715,6
1659496233,8
1979564170,1
1929953263,5040000000
1926339142,2880
1911606795,522
1953593267,3
1887206521,5040000000
1190445511,208
2119018245,0
1378154917,5040000000
1881225448,5040000000
2040652573,0
1543583609,9
1501943300,1670
2115774290,5
1218617220,177000
1585872477,5040000000
1884742858,0
2061160528,125
2019240506,1
1930056278,1470
1818144115,34
2098576552,364
1984116577,5040000000
1511372451,366
1608514475,571
1944572239,750
1898886511,27600
1958923731,5040000000
1979255590,43
1762657717,8
1788029514,3930
1895288410,250
1890667090,5040000000
1980552186,5040000000
1608607910,1
1795280761,5260
1612573803,89
1682745558,5040000000
1826589911,71700
2094958030,0
1303519486,5040000000
2107969018,0
2011300113,5040000000
1279949328,5040000000
1962467796,2
1124220514,1280
1124220514,1280
2005173636,61500
1606724260,5040000000
1565484216,5040000000
1157309134,183
2090247736,8
1767102788,10
1341853690,7
1601095435,0
2031097268,5040000000
1742376920,3
1913289671,5040000000
1906365775,1
1747432743,3
1203001898,64
1717569093,3400
1815901513,4540000000
1374660178,6
1872483162,5040000000
1914753680,6
2133660432,18900
2138697066,5
1928204242,1
1785831709,0
1521279361,5040000000
1695387872,5040000000
1832758239,5040000000
1600253656,5040000000
1718063851,15
1394696618,5040000000
1506190298,132
1765326264,3
1497907933,9
1224406505,5040000000
2090983490,0
1395417821,5040000000
1685404118,69000
1941878027,5040000000
1833174779,5040000000
1817216267,5040000000
1542925256,0
2079706988,0
1889670551,7
1211239975,1570000
1632144562,2950
1979671360,5040000000
1225017679,2
1933823041,0
1940663708,32500
1670760099,10
1677974258,0
1779294130,264
1699275615,8
1771284355,5
1479084075,197
1351046037,3
1698663263,0
1434998704,26600
2130287853,0
2041481347,2
1421951677,1
1882446517,0
1768814830,182
2131995218,5
2038085896,5040000000
1446565620,0
1366682856,5040000000
1911305383,7
1692500935,0
1400533685,5040000000
1500143545,5040000000
1499725820,5040000000
1680347468,569
1779958378,7
1685830888,0
1969552296,1
1893869122,1
2139690913,5040000000
1657992513,4
1919608920,10
1500778985,10600000
1769256624,2020
1583980473,55
1629330737,7
1816423257,244
1730738148,5040000000
1183971664,1
2071553192,386
1585950537,9
1469309761,5
1962741210,0
1891682255,3
1636270452,5
1687644042,812
1285092995,0
1366415996,2210
1949125164,5040000000
1735614534,1
1484266827,90
1794007361,1
1531427817,3030
1842302638,5040000000
1944518928,0
1177948987,1
1810777821,332
1712944034,165
1919635305,152
1227171448,0
1680838670,6
1836459056,5
1331959275,5
1967704234,0
1863537460,0
1759991147,0
1951979476,5
1657931150,0
1959715827,5040000000
2042323037,1
1929807065,6
1973094028,4460
1881900426,0
1676352104,0
1303679576,1
1352674811,0
1753844385,18
2075883375,10
1556281943,582
1928627799,4
1517740598,2660
1566128923,0
1144411934,453
1874857414,1
1783766471,10
1749175149,2
2001306187,94000
2068966696,8
1543856903,6
2005855243,2
1955278213,0
1559474953,3
2065376099,0
2073755034,0
1619620790,516
1566192769,8
1420481685,598
1784346418,5040000000
1580530298,0
1939048128,68
2112157061,2
1409061876,4
1516016786,0
1030085238,5040000000
1030085238,5040000000
2086589901,2
1342628949,5040000000
1594985334,4
2052834351,2
1879906873,0
1280499438,2070
2136612371,27
1784953514,0
1631468559,5040000000
1797225549,79
1835067347,748
2113321113,0
2014825843,8
1380622173,0
1210344014,0
1897085457,5040000000
1952841784,729
1890786240,0
1661268766,1290
1879977720,408
1616020999,0
1894076728,5040000000
1679763797,0
2085209573,5040000000
1269139940,10
1499071760,605
1137329867,88
1637635186,46300
1458515821,5040000000
1992790895,5040000000
1566094051,5
1604847618,5040000000
1537447746,250
1364210054,126
1625430797,25600
2102837999,5
2000645726,0
2125181586,0
1752306564,26000
2106168962,1
2119881484,2
2137949990,0
1877147255,2
1161866581,43300
1503023140,4
1715162095,9
2087967444,5040000000
1840055027,22900
1828527176,5040000000
1940559279,6
1256577644,18500
2021357347,4
2128008252,5040000000
1610247668,4
1572135326,397
1808439664,0
1961664786,5040000000
1453325936,9
1910358400,5040000000
2014048564,2
2120621781,0
1961106311,5040000000
1924127465,2
1930752961,0
1970573414,0
1069096241,516
1854316272,66
1795339334,5040000000
1606358304,9
1606836572,5040000000
2087953632,1
2021287464,5040000000
1646441585,8
1520711725,5040000000
1684848001,5040000000
1926162379,4
1745398445,7630
1810901191,2660
1567885043,1
1314519405,110000000
1225251998,417
1523024942,45
1948701183,5040000000
1786715197,7
1827701677,1
2090530773,1
1664811712,0
1222885126,9
1676951124,5040000000
1924768345,12200
1684071476,5040000000
1829827852,530
1896116721,0
2103041351,5040000000
1829876511,5040000000
1496363138,52000
1631460167,5040000000
1447308603,4
1359377069,5040000000
1942331353,1
1310341226,9
2053092667,5040000000
1900514657,5
1548136227,0
1247125837,26300
2082474134,75
1876367103,5040000000
1443015665,2
2098257264,5040000000
1995014636,5340
1745748077,5
2007206983,8
1714105384,7
1762213317,5040000000
1608688573,3
2105824853,5
1341280886,4
1888707147,5040000000
2018504533,5040000000
1974690036,5040000000
1647277381,2
1866946806,9
1980289027,1
1417259811,3
1721515779,0
1704474765,5040000000
2115286297,191
2002904700,5040000000
1139952476,2
2143709490,5040000000
1272539535,1
1798964804,1
1507504540,4
1578373148,249
1484416323,10
1362707230,564
1717906024,813
1485755321,0
1364268306,80
2122560692,5040000000
2049810296,5040000000
1625748814,221
1823594093,5
1982431588,5040000000
1535658837,5040000000
1157109291,5040000000
1532877412,0
2092995704,4
1498166564,4
1704694555,121
1724442491,1
1842330225,9
1805601735,1
2053102839,5040000000
2086442908,0
2058899777,0
1890606482,44400
1938859978,1
1752539343,1
1814308611,1
1814301318,0
1761314727,1
1313118722,6390
1847108880,5040000000
1801992821,1160
1862088636,5040000000
1962115090,5040000000
1708746851,10
1137770021,887
1949963198,4100
1960059118,1
1636799831,5040000000
1987555815,8370
1663744479,5040000000
1615457864,5040000000
2065852431,454000
1880921293,3
1946971486,1
1696301984,7
1120848867,1
1781142379,6720
2129641557,1
2013356426,2
1252441062,5040000000
1258096146,893
1577939770,5
1189738167,94700
1857986288,40
1347791813,3940
1700237942,1
1207473319,79
1401655441,19800
2082805105,1
1432495029,0
2120584388,5040000000
2077427221,0
1496167535,1430
1573574905,4060
1721957859,7
1618194216,201000
2061769865,5040000000
2077283940,5040000000
1809331473,0
1317585860,31400
1713677199,0
1905277729,37
1217416358,6
1966050138,5040000000
1525773178,0
1983834686,5040000000
2075600546,84
1781280517,343
1591614114,94
1729752764,7
1815934116,0
2132225268,5040000000
1969764168,182
1255264256,527000
2064091287,5040000000
1483435612,48
1293425397,5040000000
1946550857,4
1635745313,1
1844832569,0
1622450525,5040000000
1870659283,3
2050294793,2
1575736001,17
1490014776,2
1407739187,5
2004606124,2
1878441311,3
1998644302,1950
2124169536,5040000000
1531087322,1
1905761965,41
1590828289,5040000000
1978160127,5040000000
1931061845,5040000000
2054209957,462
1718295117,0
1550262097,1
1853784012,5040000000
1604983564,1620
2010138007,326
1744945796,140
1506888468,0
1476929139,19800
1428585975,2040
1815792758,5040000000
2032898676,5040000000
1941241385,10
1824285464,0
1317979642,53
2134352605,5040000000
1869874761,5040000000
1708206185,89700
1690379438,1
1576732419,1
2120468169,2
1541402490,1
2029212309,3
1819606904,1
1371420846,5040000000
1406117447,9
1833262067,5040000000
1207275913,507
2104598177,5040000000
1467513896,4
2139844436,497
1588847418,5
1783043491,1230
1812902669,0
1638533965,0
2029838862,1
1439022470,0
1783725527,5040000000
1517345788,12
1939161298,5040000000
1502519470,5
1940615955,4
1676760531,0
1643944640,5040000000
1395753498,1
1124882157,5040000000
1631350473,0
1899386219,5
2088799501,0
1931921778,6
1845986409,5040000000
1575562700,6000
2008987238,0
1943674458,25
1978134095,330
1579185204,5040000000
1981283861,0
1552545830,0
1975743944,1
1807131192,7
1834842108,0
1603970677,1
2067940408,2
1174169386,73500
1506748722,6
1831825534,0
1424623833,78800
1966001835,5040000000
2052925521,0
1800878480,0
1957773221,0
1748540636,5040000000
1561908326,5040000000
1979396156,3510000
2015304311,5040000000
1946319662,555
2034272368,84
2063045128,6530
2115242874,7
2146279806,2180
1850046567,0
1762249060,32
1978240138,2240
1573346692,4
1998523378,13400
1788550403,8470
2083308030,8
2068807077,7
2056406688,1
1929472195,0
1226729249,5040000000
1287610550,7290000
1531526389,8190
1989058043,3
1199112668,89600
1809476856,2
1957922441,5
1268770001,341
1254520987,1
2120622393,5040000000
1733020008,4
2041456371,4
1404703844,2030
1489994080,25700
1172187871,0
1660300643,5040000000
1926016087,0
2026374741,9
2126157197,0
2023074944,5
1508611706,5
1787024127,0
1492783238,152000
1527854652,70
1320469511,2
1773313822,158
1462896660,7
2051833943,4620000000
1926452679,3
1715391161,7
1994691849,10
1860222972,6
1404862489,1
1917311327,5040000000
1827308614,3
1824502261,1
1999154370,1
1362215219,7
2067441492,181
1671328051,3
1642115989,5
1543656208,2
1564237983,408
1631241760,22700
1567342578,13200
1990145432,0
1718130561,0
1761685467,7
1860659660,563
1977143196,5040000000
1820279760,6190
1662204032,85
1559200284,2
1841148903,5040000000
1582792831,0
1821038878,5040000000
2122162144,5040000000
1784880367,4
1757144275,5040000000
1371116001,1120
1844026233,5040000000
1808598973,6850000
1490354378,4
1576047957,8
1895723967,5
1383110813,2
2094687984,0
2054060272,9
1789525812,0
1907501438,1
1842960794,39
1579635439,5040000000
1903450532,7
2019240107,91
2062761879,8
1592608174,2
1491228497,128
1700260330,5
1889254206,5040000000
1505376703,260000
1416202278,9
1651084383,254
1758567347,5040000000
2125736625,5
1541706958,30900
1824390990,5040000000
1400458906,2510
1981749912,1
1541233016,5040000000
1976225586,0
1943287695,9
1426717537,6
1313778035,5040000000
1397120237,83500
2051781181,0
1218142530,6
1549376465,1
1700256437,10
1152485178,13700
1870427849,10300
1323430055,624
2137221576,0
1753475508,1
1814056965,5
1803256615,4570
1576256566,0
1205053000,7
1119054974,23700
1119054974,23700
1947257387,5040000000
1193121464,0
1554638764,5040000000
1655344274,5040000000
1778756398,3
1974647624,387
1925060086,0
1611131554,5040000000
1958070701,0
1713223404,2660
1869956718,0
1940581962,50500
1904974784,5
2084410224,2
1197762872,2
1211750168,32500
1425362928,500
1926465799,129
1866222282,86
1905599224,5040000000
1764740185,1
1693799029,7
1283503994,1
1087480337,259000
1973860816,0
1605553621,5040000000
1845286407,2
1917719570,0
1999686559,0
1962253250,88
2119747141,9
1850386305,5
1544265348,0
1876936114,5040000000
2087784430,5040000000
1970199167,5040000000
1561732011,944
1815751702,100
1189086439,2450
1308741411,9540
1336367919,0
2052430797,4
2006816329,5
1392355340,1
1588076288,751
1947704874,1
1614844376,0
1189938281,5040000000
1465009664,86
1953720170,10
1968630771,1
1936712970,9
1964331982,1
1754022802,0
1757623419,338000
1702789022,3590
1850312914,5040000000
1490964889,8
1981722556,5040000000
1913139015,5040000000
1965886120,3
1900468424,2
1903531236,9
1231020541,604
1179787390,15500
1674634432,9
1429625717,40900
2133782949,0
1635748940,140
1888125080,2520
1657004466,88800
1218767619,67
2132536378,5040000000
1412054993,139
1858078699,10
1989562769,5040000000
1395189809,128
1917399810,400
1253696318,176
1496434216,532
1599456012,1130000
2029314227,5040000000
2081825022,5040000000
1407786676,3000
1387548032,49300
1891018883,3
1710878609,0
1397332952,4
1836236824,5040000000
1409242064,5040000000
1566114422,5040000000
1703793350,5040000000
1958397820,3
2082965135,46
1265306998,5
1609805375,86
1842691823,545
2013722688,5040000000
1621679122,5040000000
1494184005,1
1848097124,5040000000
2030790842,5040000000
1438181492,364
1614682537,5040000000
1836750282,11100
1805716998,5040000000
1599692017,5040000000
1690422882,1080
1986833302,3
1583174773,34200
1720516600,1400
1653318853,6
1650196778,5040000000
1618629839,0
1692570622,5040000000
1983355645,5040000000
1821342392,5040000000
2108218259,0
1652126564,5040000000
1181813043,0
2093845343,7
1731877961,1270
1104023124,1800
1104023124,1800
1314990658,5040000000
1498693216,2130000000
1966690788,5040000000
1681489260,5
1292740943,0
1841090063,0
1476824982,5
1841599621,0
1832952112,917
1626264217,4170
2034677013,5040000000
1956610335,5040000000
1386641765,8
1152850431,8
1760010853,5040000000
1505160669,1
1169573765,5
2142496535,7
1634067669,6320
1944465894,4640
1120290128,2180
1120290128,2780
1978184179,5040000000
1838547065,6
1764892539,1
1546637152,5040000000
1617866921,4
1629536725,10
1969211167,5040000000
2067704553,0
1804774605,1
1603625709,0
1965065102,5040000000
1782888336,5040000000
1067072209,942000
1640231367,0
1157901008,90
1479627501,6070
1957068565,1
1173564485,5040000000
1970025544,8
1683507738,22900
1979941454,5040000000
1842906727,5
1330916346,9
1357307897,779
1645812691,5040000000
1387299778,810000
1790413147,0
1848298975,5040000000
1627824517,5
1295176793,8490
1943961741,24800
1781255481,2
1822865077,8
1572224907,8
1436639519,15700
1897287918,5040000000
1203075519,1800
1370103356,0
1810341159,0
1769943004,10
1547045067,5040000000
1618734427,7
1895061908,8
1504684273,137
1876992086,10
1688141472,593000
1971637009,5040000000
1515904823,7
1854134977,6
1567397257,102000
1318714268,250
1998918075,0
1292242216,5
1934912284,0
1837644277,69
1862798391,0
1539251739,5040000000
1789595389,1
1792535144,106
1133136877,26
1796107524,5040000000
1910375958,5040000000
1605777460,3
1532851193,4
2069037205,0
1636259409,7
1658799232,0
1569284467,5040000000
1720817896,6
1968141570,5040000000
1891650211,7
1862311162,84500
1965188042,4160000000
2137677776,0
1975481739,229
1934652483,2920
1952179578,5040000000
1951936215,5040000000
1943842903,5040000000
1563071923,5040000000
1124907755,7
1937946016,4
1609378023,5040000000
2049245373,5040000000
1253457183,1140
1402546125,5430
1517198008,0
1542618417,2790000
1606721821,3610
1875515952,4160000000
1439661646,6
1777660653,2
1898675054,0
1965181508,1070
1976893057,5040000000
1907463765,5
1864927114,3
1864801813,0
1635167028,5150
1676283413,5040000000
1676867566,0
1775878443,5040000000
1953866327,0
1937347731,5040000000
1528052976,5040000000
1947678068,936
1173715504,282
1929078577,10
1974222554,0
2107600145,0
1992625935,0
1694373358,3
2101060216,5040000000
1847746480,5040000000
2106646268,1
1949132775,7
1637783777,4540000000
1787488560,0
1337113720,8710
1750367699,1150
1918293490,2
2010152427,5040000000
1802502983,22400
1881570282,2
1859835040,5040000000
1716768495,8
2082523702,5670
1891536494,5040000000
1542492378,3
1945706890,5040000000
1949444251,5040000000
1708969405,5040000000
1584459081,2420
1708381495,5
1719893146,3
1437228316,0
1506888161,5040000000
1799356251,8
2041256453,9
1951257579,0
1832037972,5040000000
1455260340,8
1286780046,70400000
2012286144,1
1219977143,1
1714209273,2
1863387355,4540000000
1350840900,147000
1586901022,5040000000
1118171014,750000
1118171014,750000
1581877139,6
1372269197,14300
1743270164,916
1700822883,5040000000
1203940938,54700
1033617662,28000
1033617662,28000
1273735434,7
1885098112,5040000000
1200243030,34900
1622911708,11
1812982421,1
1146453742,4
1747853623,3
1870924016,5040000000
1593441886,5040000000
2128516150,4
1766494279,9
1638045298,585
2132463908,0
1643170701,3550000
1595905886,1
1571523313,1
1993554988,5
1267412559,118000
1873473081,4
1705505993,2
1458353546,5040000000
1491269391,151000
1575286643,5020
1432881493,4590
1959493624,5040000000
1877632060,5040000000
2056659592,5040000000
1935627920,3
1279877202,140
1910837929,5040000000
1827001791,0
1784253978,5040000000
1087026233,602000
1658774580,1
1241482000,9
1560025053,4
1858504510,9
1095835958,114000000
1095835958,103000000
1913966435,28400
1168554423,5040000000
1610269648,1
2017472297,1250
1958514355,142
1936803278,128
1715661161,9
1907065842,5040000000
1789930613,9
1695384274,3
2113729256,5040000000
2023825860,5040000000
1536007072,41100
1569661993,0
1555104318,1410
1425441257,9
1699346888,8
2094833807,0
1888987801,820
1749233669,9
1127088275,28700
1833097891,5040000000
1354821438,5040000000
1948653414,5040000000
1906076885,4160000000
1568008488,1
2116145388,222
1104218701,1040000
1829416631,1
1876363879,5040000000
1878673284,1
1516178359,0
1758502496,5040000000
1741674221,4
1503133703,125000
1850351073,5040000000
1281709774,17200
2019101698,1
1620526299,5040000000
1502367744,3
2127354424,4
1989963839,6
2027279163,7
2109124969,5
1606781994,6700
1516686049,154
1704834732,5040000000
1994167675,5040000000
1589641357,0
1221770320,5040000000
1367381206,0
1684244488,0
1730884541,4450
1696075412,3
1989224739,0
1648858369,110
1722044958,202
1728710942,0
1616283717,4
1799666227,88
2029581606,5040000000
2061854965,250000
1595507139,0
1806486534,3
2015253288,0
1671152670,5040000000
2128285530,5040000000
1694682862,4
1539225938,1
1925580200,140
1590326879,0
1543796382,11800
1217983765,8
1461419261,6050
1896105403,3670
1620076667,2
1963375975,10900
1649631404,918
1580327656,8
2065609410,0
1742437794,9600
1969420588,0
1336346046,1
1435234624,4
1567372021,0
1977086633,543
2048689236,0
1344165642,1
1648190943,5040000000
1705768310,8
1172850949,0
1479630600,80
1976599491,1250
1897023352,5040000000
1939285382,1
1226431246,4
1904018047,5550000000
1652194665,5040000000
1945814257,1
1926062795,842
1288958247,2
1933416896,3
1527108451,397
2105679745,5040000000
1689509900,8
2064935934,1
1832159883,0
1785921643,128
1693326606,5040000000
1987847825,0
1128868687,3
1478145964,9920
1757863372,1
1985716709,228000
1990342146,0
1211198341,5
2126143867,0
1402371030,3650
2049618005,481
1529799429,0
1855249312,5040000000
1388419215,169
1605461729,1
1297700402,57200
1735948849,5
1175959080,5
1590902392,89
1627918702,2
1597584064,0
1754229289,0
1806869882,56
1374934820,632000
1864732341,922
1878069930,5040000000
2033926823,2
1908035866,5040000000
2033172305,1
1894160317,1
1817299094,5040000000
1326098316,4
1591260110,7
1769288670,5
1611216114,34
2102960396,91
1955336166,5040000000
2115429179,203
1843180756,6
1196182280,152
2034384459,1490
2062403010,5
2068860356,0
2090270583,0
1274799580,1
1912047982,2600
1502962790,1
2026190847,0
1469720408,3
1174611107,2120
2139094829,0
1214638965,5030
1289812565,9
1914554441,5040000000
1666726089,3940
1466567371,0
1540887893,5040000000
1926148873,846
1208238959,5040000000
1644994587,5040000000
1202460433,18800
1898888699,1520
1394647588,0
1861477054,1400
2040599353,42400000
1569666995,5040000000
1960956391,1
1451314549,350000
1687411089,5040000000
2024957637,8
1776170950,463
1390043732,4
1613481188,507
1848070310,5040000000
1570860958,5
1419159608,176
1632147911,5040000000
1886485985,206
1513942918,61300
1176800708,5040000000
1851900034,5040000000
1892185181,5040000000
2024150408,5040000000
2037026047,0
1200624044,2
2097080166,9
2065692525,7
1695839695,2990
1888813717,0
1502136434,0
1152650140,729000000
1503158577,5040000000
1956112277,4
1773240125,76700
1493947988,531
2105538629,1200
1585981902,5040000000
1750977101,5040000000
1739308881,604
1697233081,2
1961438811,5040000000
1947338239,0
1421132047,5040000000
1276516010,20200
1386662308,0
2137449555,635
1620134065,2
1534900246,306
1918907311,6700
1827300975,5040000000
2074296375,1
2006048031,1
1836049417,0
2085643139,5040000000
1532655153,9
1951853632,5040000000
1735525522,6
1742766507,4
2018188389,6
1909615957,22400
1779048240,1
1962273413,3
2135020186,0
1848949685,5040000000
1968838781,5040000000
2068799750,2
1983407210,9
1721362443,5040000000
2004483538,2
2130119224,8
1822567201,280
1385921324,12300
1274331208,4020
1951385725,0
1166144937,8
1975742488,3
2085311648,5040000000
1672189867,2190
1453133135,5760
1625080925,10
1483678617,8250000
1411325303,5040000000
1732232116,5
1457217267,0
1677523591,1
1900325229,5040000000
1783845346,124000
1429257085,5550000000
1936580146,5040000000
2114124810,6
1978235926,2
1727296886,1
1840871386,1
1492742356,4880
1730305106,7
1621759139,6
1889592083,5
1214260101,248
1544009975,0
1884267747,0
1874652903,6
2145584436,5040000000
2111219138,10
1585491544,185
1972736737,38
1535521133,5040000000
1693543193,1360
2043795857,1
1595737403,3
1617655983,2380
1889114959,5040000000
2090041159,2460
1960908690,202
1815574595,4
2105674940,1820
2101029023,59
1906665113,1
1894178266,494
1982236733,7320
2059931794,4
1532592227,6
1484718408,6
1166951973,34
1974063253,0
1831177203,0
1646335619,5040000000
1670087921,0
1784384035,0
1820387554,2
1789478156,5
1923933046,5040000000
2134257960,1
1612887246,5
1836183872,5040000000
1610458452,8
1992858341,0
1228831019,1210
2062876366,56
1593189411,1
1690634854,8
1633350448,5040000000
1918796803,6
1987742458,24
2024036815,0
2112192960,5040000000
1983454703,5040000000
1665529029,31
1578069367,3
1973897725,5040000000
1560136069,1
1599511073,1060
2099727644,1
1637776244,4
2102174977,5040000000
1971420986,3
1371290700,0
1629042780,186000
1249005264,1070
1955043732,1310
1430913241,0
1526112366,6
1435881168,645
1773392751,163
1993901458,5040000000
1838049286,5040000000
1597233418,9
1771883305,5040000000
1679854028,784
1782160486,5
2048852472,5040000000
1898554909,5040000000
1827555263,1
1701356690,118
2122899539,13500
1950661295,5040000000
2106041167,0
1777094363,0
1607853700,5590
2055933237,51100
1324242301,20500
2113196417,5040000000
1839431572,5040000000
2049164765,1420
1345207871,1
1667529042,335
1968877317,3570
1200870851,9470
1950068622,5
1829862129,9
1420504530,0
1454744879,0
1368194407,10
1513296491,6
1943997805,5040000000
1157494391,10
1584808540,0
1606457619,7
1753667430,63
1216284681,5040000000
1445973851,2560
1791613274,0
1910219150,5040000000
1826456925,2
1765438384,5040000000
1762637424,1
2102224734,7420
1847762764,1
1752264637,0
1702741122,5040000000
1684442859,19400
1865093433,10
2049771525,5040000000
2037225357,5040000000
1775303893,0
1347031518,48
2122335848,76
1197838586,0
1872579864,0
1162171726,23200
1133847377,477
1252510795,0
1716442202,4
1513929883,2
2067062945,5040000000
1832006680,5040000000
1684378952,100
1584460827,0
2012361216,1150
1972047779,5040000000
1714361251,5040000000
1711235880,10900
1145885117,5040000000
1791425246,2
1843839246,380
1906083924,153
1535288564,42
1655477884,2
1570469540,120000
1814605893,5040000000
1516077311,4
1701653196,5040000000
1934741150,5040000000
1561284464,2
1082007754,48400
1082007754,48400
1761763910,5040000000
2047744078,16900
1564683783,1490000
1815213284,5040000000
1585732591,2
1962565553,0
1766136836,24000
1183599984,57
1307151631,834
1668078698,154000
1935494466,1520
1194837868,31
1595891817,0
1672912382,483000
1928308972,4190
1498014790,253
1688464733,119000
1372050492,6
1753013321,36000
1955687971,4
1467085152,531
1539468133,0
1745739156,5040000000
1114168813,10100
1639263855,1
1465179895,34700
1984785675,5040000000
1534943109,0
1416467417,62
1498504433,6
1666824330,5040000000
2103984668,184
1820364272,5040000000
1613537002,5040000000
1438770930,726000
1478621095,8
1831139711,2
1698887849,88
1525052327,0
1590538504,9
1971754547,10
1544850842,0
2103812286,4
1113081176,52000
1113081176,52000
1162175215,1680000
1645975085,10
1877781688,4
1748358170,3
2077960195,9090
1739773903,59
1716952148,5040000000
1924405184,15
1501866610,2
1646785965,1
2135750220,4160000000
1308026304,18
1729205476,5040000000
2029246759,5040000000
1840280406,7
1566090004,1
1963915784,7
1921481316,5040000000
1965076591,56
1926529206,672
1928298477,0
1854994979,5040000000
1961277096,56800
2075460559,5040000000
1633480498,10800
1519077160,0
2062519981,3
1624155175,5040000000
1823856225,5040000000
1426773295,5080
1881903758,1
1467187201,10
1831615386,5040000000
2053915134,4
1538911508,5040000000
1931616214,0
1724541984,20300
1775875988,5040000000
1502487660,46
2120742341,0
1890656089,5040000000
1607775696,5040000000
1586296567,5
1968715775,31900
1523640614,20
1851138886,6
2049538409,5040000000
1659681383,5040000000
1799497289,5040000000
1704151405,6
1859501024,5040000000
1692736077,5040000000
1967105732,4620000000
1671358097,536
2124381377,5040000000
1364264200,33100
1659768014,1160
1903405778,5040000000
2036349449,5
1896711345,5040000000
1663051798,7
1851500053,5040000000
1769735179,454
1362730709,165000
1648220972,5040000000
1685565791,107
2000699778,12200
1975262700,5
1340641793,121
1204509771,59300
1628858109,1
1948517237,5040000000
1986999678,6
1506911040,5520
1972408769,224
1900020592,4550000000
1697513526,71
2060175298,370
2002954521,5040000000
1963060830,8
1516541544,258
1813956302,3
1735125866,6
2061410477,1
1571805991,77600
1637947715,0
1645473436,9350
1844276253,5040000000
1817538116,1
1582019482,7
1617859818,17800
1846130431,5040000000
1822745915,2
2044843498,5040000000
2125382273,0
2075283093,5040000000
1220940514,911
1535304911,10
1703662934,164
1931084507,3530
1762979874,2120
2064254941,5040000000
1609649344,0
1865783365,3
1405444935,177
2078073228,5040000000
1421693976,373
1714242173,29
1620052167,354
1540559140,211
1828552391,5040000000
1661924514,5040000000
1978615664,343
2025088481,5040000000
1688879334,76200
1173346011,632
1785429809,0
1518064230,0
1988985805,0
2051430176,4880
1678856235,1
1746314464,3
1982033631,0
1942141159,7
1948856585,5040000000
1709062892,52
1373429223,36800
1205208046,307
1293393343,72400
1723823877,139
1266833972,9
1835305338,5040000000
2063455043,5040000000
1787610498,2
1910506040,0
1800901964,5040000000
1535101479,3010
1610873855,5040000000
1798099721,0
1872483918,5040000000
1317248630,1270000
1470426567,2
1824431160,3
1476762604,3
1234404743,5
1746094960,5040000000
1851944406,5040000000
1355880428,110
1818548098,0
1532442239,10
1902484210,5040000000
1170230529,2550
1714932441,5040000000
1708863999,7
2040127939,6
1747360722,5040000000
1865256999,0
1968408423,1
1691358565,5
1161399364,42700
1230627772,4
1224783666,41700
2122496937,5040000000
1916977891,1
1731630901,0
1609421355,173000
1803692359,8
1769439348,22
1833066847,0
2012786130,5040000000
1814229775,0
2142515978,0
2095385085,5040000000
2131034756,5040000000
1198429643,2130
1511207229,5040000000
1743707496,5040000000
1640136080,0
1539475169,5
1772064830,14
1797973539,308000
1694962745,8
2076437493,0
1890437383,5040000000
2067064006,4620000000
1283276005,30500
1951741502,5040000000
1949300412,16300
1813964950,5040000000
2140026087,1
1536763042,5040000000
1849629360,206
1946722979,1
1759899165,5040000000
1372747352,5040000000
1908444268,0
1225237311,1
1698987757,0
1610814216,0
2142397604,0
1232812654,101000
1373553517,9890
1533926168,5040000000
1635710505,5040000000
1499946013,2050
1875445690,4
1454391446,5040000000
1818889177,8
1934330578,0
1706259648,0
1569386670,5040000000
1876129680,5040000000
1347398311,94800
2089537338,5040000000
1518129633,5040000000
1643548213,5040000000
1528983242,828
1486710610,23500
1756626391,5040000000
1893466968,5040000000
1668068899,5040000000
2097953181,1
1974579711,0
1805278910,5040000000
2041306555,1
1872109819,5040000000
1684235211,7
1673297973,5040000000
2004743590,5040000000
1882720874,5040000000
1628212380,84
2068047253,110
1982571232,14700
1632168103,5040000000
1930868079,5040000000
1898048778,1
1426981431,132000
1778929962,4540000000
1756066099,5040000000
1923693426,5040000000
1848457523,0
1215744686,122
1581599914,20100
1664967605,5
1646889434,7560
2061497643,5040000000
1816202639,5040000000
1314931099,181000
1495038894,1
1282769835,0
1655606411,5040000000
1243459507,8
1547638677,1480
1142634987,72900
1846101893,37
1724978578,4
1909576379,0
2004370887,4
2095887386,0
1640795048,5040000000
1602004288,143
1284624885,1670000
1589260622,0
1833669404,5040000000
2025755534,5040000000
1919700616,196
2048060566,0
1833617944,5040000000
1869084027,0
1728075815,5040000000
1721920848,5
1663904617,3
1191393895,335000
1635171049,65
1929718383,5040000000
2063144047,5040000000
1760964634,1110000
1536196325,5040000000
1853388538,5040000000
1862003064,14900
1879112059,21
2028252898,0
1903905245,8170
1603453820,1
1864083197,0
1862756691,5040000000
1435162808,21
1874827293,5040000000
1865482251,13000
1966314459,5040000000
1936720995,5040000000
2096625089,137
1908374535,5040000000
1410943201,1
1717104522,100
1479419510,182
1447443948,60800
1687795381,0
1444774046,58
2097090161,0
1787826687,1
1385634919,33100
1995703377,1
1789329057,2
1564270578,2000
1640851922,2
1349767385,72
1565398884,5040000000
1691679741,0
1884049239,595
1617785838,1
1255093908,268
1643516480,5040000000
1926369436,5040000000
1539103069,5040000000
1337434715,5
1589813638,4330
1875888090,1
1827826683,1
1737135001,6
1664262514,5040000000
1664727194,1
1622132439,5040000000
1247898220,28000
1612917219,4890
1960000147,5040000000
1891171660,5550000000
1877414016,5040000000
1885413309,2
1824869869,5
1674772768,4
1921373151,5040000000
1849592687,0
1576823564,717000
1688884182,5040000000
1618989880,5040000000
2076436223,466
2075222495,2
1806358028,2810
1076364555,0
1736112239,6
1200989789,141
1618130699,0
1814953491,14100
1218625630,580000
2123172858,2
1774801441,5
1502691083,1350000
1669826984,109000
1806584732,5040000000
1642346650,5040000000
1904108557,5040000000
1953377653,1
1456839226,8
1922430800,5040000000
1763576447,5040000000
2129275883,76
1621725860,3
1569533185,836
1684281631,5
1789636023,3
1521790953,30100
1879784821,0
1552130328,38
1263336917,530000
1751938520,8
2007292200,0
1948428959,0
1989718355,76
1943107011,5040000000
2005185833,4
1655248884,115
1553815211,5040000000
1484427566,1380
2143330829,5040000000
1888610629,5040000000
1742122776,5040000000
1522828198,0
1289438143,179
1515335580,5040000000
1681804076,5040000000
1720124100,5040000000
1538491336,131000
1591701162,8150
1967017999,35000
1898658558,5040000000
1914871712,5040000000
1742473730,0
2092076032,0
1842719738,5040000000
1807019828,5040000000
1928317734,5040000000
1558188005,9
1966119381,5040000000
1728329406,85
1830230083,3
1769054336,6
2103018283,3
1951449584,1
1943034559,5040000000
1201186029,135
1646801297,0
1866535016,5040000000
1503903372,2
1696210676,94
1860907373,1
1669680385,133
2127044432,2
1138352540,1520
2037493113,5550000000
1729501707,5040000000
1673166022,5040000000
1682959630,866
1520208077,258
1300673311,9
1375285292,5
1779540583,1
1266238356,0
2035994728,40
1745867805,13200
2119302112,36600
1932112230,304
1673547610,8
1865869014,5040000000
1580607025,5040000000
1950180938,5040000000
1798423983,0
1579327926,0
1870994219,60
1688760526,0
1873133258,5040000000
1603144546,0
2073292586,1
1411955018,973000
1344477226,4
1520907268,5040000000
1624310044,5040000000
1415977963,297
1570042666,35200
1493359662,8
1814919383,5040000000
1199618653,42300
1226718285,550
2139457758,0
1139182644,0
2046476461,2
1512771460,4
1409862947,68900
1371554618,1
1832288731,4550000000
1735818191,0
1843745474,1280
1328600173,72700
1861739344,5040000000
1827855186,5
1236854103,20
1559959789,0
1485677061,0
1816958729,1
1429154090,635
1151309682,5
1989668113,5040000000
2000903397,1
1198037867,9
1252716185,267
2060770656,0
2121029811,92
2074143471,1
2046369862,0
1680507154,0
1974968975,5040000000
1919260893,0
2131978311,5
1822505551,4
1744500992,3370
1503214812,0
1634662259,5
2021063880,0
2046552888,0
1515452517,640
1884615688,5040000000
1616534650,5040000000
1959397697,0
1632913511,0
1840250302,565
2021526270,9
2075015734,8
2076645394,6
2125975831,10
1651070402,66300
1191809422,34
1320527616,6
2059362496,0
1902188326,1
1728315056,1
1734239380,0
1471670592,5090
1847582945,2600
1639987840,0
2050866085,5040000000
1981860777,8
1788083074,8
1845867819,5040000000
1812100448,5040000000
1886515843,2
1848841024,2
1159896914,76000
1706408965,5040000000
1653098338,1480
1316014005,151000
1691031796,0
1893459653,0
1892014438,1
1764782343,3
2002192683,5040000000
1727045318,9
1657848897,10
1990414356,6
1617715216,0
1936403080,150
1602953202,5040000000
1739110235,1
1766227543,0
1392258489,19900
1856269800,7
1546863611,3
1808613011,1
1897624591,1
1766385480,0
1825821808,5040000000
2025265794,5040000000
1823288435,5
2016779308,1
1672075486,4
1857465392,404
1460063717,8730
1767098486,5040000000
1555831323,5040000000
1612712812,0
1865764636,99
2026623888,5040000000
1584438181,2
2021897772,5040000000
1293268593,5040000000
1929533805,0
1684646619,8
1863061961,5040000000
2050472711,0
1764849607,2
1221493696,0
1585280034,5040000000
1534863309,2
1850923266,4
1845406071,0
1488607350,14
2132084892,0
1617287636,1070
1679025511,10
1566336737,10
1202500264,22500
1956013338,2870
1912614017,4870
1161631495,2
1783298376,0
1957804929,227
1833931543,1
1926091664,0
2006452516,5040000000
1421476195,2510
1929995621,1
1747293207,4
1272690921,1550
1663125611,5040000000
1923412596,3
1241118965,57
1390741847,1980
1727404276,0
1904889133,1
1294555736,345
1899733235,727
1283918555,2140
1892013193,5040000000
1687433982,5040000000
1622818503,3
1914262414,1
1908201556,0
1269509445,17600
2050662166,0
2088516214,4
1799305710,10
1982037576,5040000000
1512261461,0
1845928005,42800
1577932583,0
1600104038,0
1935967399,5040000000
1900071166,10
1914663362,5040000000
2091241857,4
1569255596,4540000000
1155828281,0
2132113332,4
1650178781,5040000000
1726612917,1
1848108817,1610
1597865094,2
1833126335,2530
1812547524,5040000000
2041570339,6
1753171505,3
1664328646,0
1924694723,213000
1759152867,1
1427153424,5040000000
1661896811,5040000000
1989340491,5040000000
1491143583,4540000000
2122243241,5040000000
2047092672,0
1660506457,5040000000
1813824166,3
1892425935,5040000000
1849134335,5040000000
1384260554,1
1895303650,74
1616132400,5040000000
1350347856,9
1777993874,10
1586322276,5040000000
1561857601,1
1551395858,1
1838515153,9100
1462767584,35
1605383421,5550000000
1636430366,196
1896343675,5040000000
1869066172,5040000000
1964941209,2
1563824864,9
1553041701,6
1498614742,2770
1525841218,3
1371539402,2
1535216334,5040000000
1895683231,4
1631183258,6
1573335577,153
1273730248,1100000
1549748817,4
1554707904,0
1168750430,173
1948662449,3
2103732309,1
1462485900,12700
1984787209,5
2075849256,0
1544751871,240
2037224592,1600
2049213304,5040000000
2130879916,5630
1823437708,308
2004356039,0
2032947860,4
2095760267,3
1826474956,164
1761285076,0
1288459149,144000
1949178416,1520
1655933410,7
1950127830,21
1748294567,5040000000
1142240447,22
1944516497,5040000000
1661755733,0
2088567432,4
2048998767,1
2074255537,0
2092564007,0
1703393344,5040000000
1538918798,5040000000
1935319160,19
1491704647,3
1983311655,3
2146129830,5040000000
1583969997,5040000000
1710996621,5040000000
1841677911,0
2080988761,0
1273351515,5040000000
2124461853,5040000000
1539766794,391
1041204341,1270
1691029200,6
2054005368,1
1913360090,69
2079415187,1
1494057415,109000
1941484251,5
1555576422,5
1807656689,0
1995438277,4870
1830788117,2
1571505334,2
1940366869,5040000000
1396765588,5040000000
1189115820,97
1611903160,0
1802938349,0
1873189620,0
1758176431,0
1232573357,0
1910243810,5040000000
2125459253,2120
1619265632,5040000000
1160159667,5
1879495893,3
1290986109,1380000000
1994501423,5290
1805114329,801
1786283430,5040000000
1977888148,7
1985639206,287
1602527746,11700
1708832774,5
1606523969,40
1561303587,2380000
2007938051,0
1643770220,1
2062075366,5040000000
1739483545,633
1824075522,10
1855009257,5040000000
1391743551,3
1277245699,10
1682331560,10
1865924540,25
1556123937,0
2044001517,1
1817061963,5040000000
2146410765,5040000000
1505702091,5040000000
2120197384,5040000000
1534307142,5040000000
2097651998,5040000000
2101812825,0
1834304938,2530
1669999061,7
1961645804,109
1503704588,5040000000
1906141986,6
1959267020,0
1622909307,0
1864669323,5040000000
1866121704,0
1824165982,1420
2037100941,4
1922511321,1
1769743298,1
1698378882,53
1982350057,6
1784299392,0
1767328460,0
2131212848,4200
1783103420,5040000000
1664317137,167
2112176626,0
1869440077,38500
1751096110,5040000000
1587948196,647
1626973403,0
2076007548,5040000000
1983465428,4
1306472209,124000
1978680105,1
1639370348,0
1795912913,10
1915876610,0
1955660881,5040000000
1131653438,17200000
1131653438,17200000
1561799850,1
1819751846,5040000000
1183964830,175
2103935845,5040000000
1646964905,29100
1701645411,1
1529924729,4160000000
1765299090,120
1725544676,338
1174133472,312
1838036072,8
2132338512,5040000000
1630657054,5040000000
1284463662,1
1926653186,0
1763263181,0
1314689211,8
1474414643,5560
1394042173,8
1722918121,325
1271536335,24700
1699727314,559
1451962012,14000
1586064809,1480
1325584978,5040000000
1681285337,5040000000
1276013656,527
1870963113,5040000000
1687493778,6
1902055390,0
2036217722,0
1623560919,5040000000
1848591378,1
1949170702,0
1965831568,193
2118619205,0
1578720028,5
1800881972,0
1829448919,0
2009809810,400
1770952554,5040000000
1348615471,776
2092371168,0
1937228516,0
1716414197,0
2137280046,6
2067862357,0
1950155279,0
1781938951,5040000000
1895253863,1930
1515251201,6
1917432477,2
1231573037,5040000000
1461404753,4
1889226193,160
2053621004,4540000000
1928103390,2
1091256481,1580
1478054805,2
1540456693,9
1507472893,5040000000
1515735516,5040000000
1258117138,5040000000
1471686231,1
1706702504,5040000000
1621029741,2710
1526228949,4
1704618526,3
1379220528,972
1425926746,87200
2029304753,5040000000
1389613082,3470
1225385989,147
1721564202,2
1272132780,7
1160326833,27
1774923898,5040000000
1081134507,3
2017607396,4540000000
1610321636,2
1593445255,1050
1957657821,5
1697997409,1
1503474018,5040000000
1357758194,459
1961376815,336
1181075829,4
1940693251,2
1387017076,5040000000
1841457490,6
1255640555,3
1405022599,7270
1889969719,5040000000
1807829581,5040000000
1281039706,1
1191067611,17200
1724326658,9170
1635706132,266
1196244527,7
1953093226,4
1536343867,6
2074300055,240
1661028162,2
1951930368,1
1664347446,4
2014657864,3
1694672966,5040000000
1338894271,4
1955996893,5040000000
1630608964,1
1794117176,9
2136248208,133
2135695595,0
1757660817,1
1792168446,70800
1631173186,5040000000
1207360920,1
2100168874,5040000000
1779238447,1
1502660875,8
1904162082,48
1652870607,5040000000
1379726934,5040000000
1250784340,5040000000
2042254402,160000
1596891197,72
1359817174,1
1210101351,197
1534776853,4
1275152090,0
1580608462,5040000000
1859747336,5040000000
1330798016,1110
1522248128,93
1586768404,5040000000
2006191157,0
1877582839,47600
1228775770,9
1846203009,1
1777499950,94
1722313083,0
1656295604,1
1940602126,1060
1679192924,6
1757024894,0
1859403129,4
1870180510,5040000000
2030047822,0
2057257262,5040000000
1876174346,4
1716557109,5040000000
1690210072,5040000000
2018003245,1940
1508481262,575
1717828720,5040000000
1872165862,5040000000
1940086854,9
1903748755,0
1806727643,0
2025761757,5040000000
2052418482,0
2038734726,5040000000
1326176846,8
1956847400,2
1715310811,368
1808297330,0
1848964495,135000
1983593550,5040000000
1154583907,2
1597113681,471
1880978727,0
1982087075,111
2079818944,0
1251055824,0
1482921272,10
2078730098,112
1731239234,5040000000
2016073101,5040000000
2025779041,0
1565806806,176
1513017569,8150
1598800885,6
1987657009,0
1708133304,2
1358406127,168
1880486843,5040000000
1154255270,6660000
1715731474,1030
1943314515,8
1824688512,7
1503348447,5040000000
1719212545,0
1560311150,2
1679565923,3
1257188796,5040000000
1971286157,5040000000
1536071673,8
1956554427,6
1877449976,0
2096209177,5040000000
1721478039,21
1460402653,45
1824890538,0
1403343483,214
2127280158,1
1447608166,899
1471829763,6750
1304468457,6
1655729878,87
1591195792,7
1159458943,10
1687894848,5040000000
2026310004,0
1884609064,53500
1502377469,26400
1690278194,4
1757832168,91
1709993741,31
1603581335,0
2004463865,5040000000
1642762778,1
1867789434,5040000000
1913098543,3
1910393777,3
1842105534,5040000000
1433836541,2400
1533947098,5040000000
1830051079,5040000000
2088202001,1
1877175759,0
1864837839,1
1448730354,1
1515568597,0
2003092868,5
1803889347,4
2123302198,0
1967229964,0
1890668476,2
1630769443,0
1226779497,20200
1792525334,84
1366213884,18
2090930578,0
1905119305,79
1272264239,0
1835022494,35
1442146680,0
1945868001,0
1656570085,0
1643582343,3
1201147311,1
1854009800,5040000000
1613254587,9
1814566033,5040000000
1779305048,1610
1501360486,1
1946190232,10400
1542225240,0
1879209088,5040000000
1788472347,1
1162438521,42
1678599782,0
1924874133,1
1860714572,27
1882202454,5040000000
2039026407,5040000000
1875140049,4540000000
1758613796,43
1351971483,0
1318581000,0
1867447884,32100
1879138138,1
1664474182,1
1167179352,4560
1544359191,8
1586513860,5040000000
2137904505,5040000000
1245607234,0
1250691161,1750
1977107591,4740
1368346239,6
1316090535,5040000000
1233247406,25800
1965673850,321000
1670486189,0
1708005298,5040000000
1969002764,2
1872908471,76
1111954314,86900
1111954314,86900
1147705114,901
1271220721,8
2140506734,37300
1138218909,0
1517827699,1240
1699059932,5040000000
1846075412,2
1550338709,5040000000
1752246135,5040000000
1941947600,0
2133444794,1
2028711964,4
1151622300,0
1622169145,92
2087927250,0
1826639515,2590
1852881711,0
1167676355,54800
1610331006,0
2109136242,5040000000
1273659536,0
1840844547,5040000000
1503024312,5040000000
1272400978,72
1198879113,702000
1486726074,4850
1880540494,4
1862181378,5040000000
1875324990,1810
1534663348,1
2117846018,31
1774703780,13100
1141553099,34100
2131369535,0
1962810645,5040000000
1683158479,18
1844338121,4490
1512166937,5
1083691287,500000
1374991572,0
2127701613,4
1681660732,5040000000
1853668391,1
1910276290,1
1889012644,4
1741901719,0
2135492296,0
1513433427,4
1508360146,5040000000
1549484388,5040000000
1882847892,0
1870966974,5040000000
1819170235,0
1876381079,5040000000
1784232957,5040000000
1701525898,6
1723908790,122
1940030532,78
1511211567,2
1608779703,9430
1875270298,0
1891902777,5040000000
2049025964,5040000000
1353690962,6
1831027221,5040000000
1523389836,2520
1661446698,0
2051887111,9
1801893140,5040000000
1867919967,5040000000
1775978860,0
2018308532,0
2104126533,139
1725316529,5040000000
1771897018,0
1960641363,4
1545162769,0
1927502781,7
1780735805,5040000000
1761551667,1
1935011219,2
1909157785,0
1727351282,5040000000
1559950767,0
1888896656,5040000000
1645310708,16400
2136836418,4
1711700678,0
1758190280,5040000000
1709162949,5040000000
1481329390,1510
1978677034,7
1417270309,9
1717985587,5040000000
1716381985,5040000000
1289589708,4
1774607425,5040000000
1509971475,0
1658307656,2
1851311754,276000
1518661728,6
2141328164,8
1465512414,824
1956530058,0
1625217804,1
2060295634,254
1889899507,4980
1813301167,5040000000
1877971714,5040000000
1935547054,862
1631743822,6
2017450167,5040000000
1429221382,1080000
1242618306,29200
1600418663,5040000000
1513206774,1020
1921727485,1
1170209113,877
1191462807,1700
2078400383,0
2130653053,9490
2052354671,1
1275138593,38
1983163811,2
1853624365,138000
1896935649,5040000000
1789290041,0
2035558278,5040000000
1590292614,5040000000
1178367101,5040000000
1651530497,0
1718254872,42
2063667221,5040000000
1967968107,5040000000
1822220080,5040000000
1564088036,2750
1429133385,64
2024366527,5040000000
1633604978,5040000000
1897832149,1780
1856275558,8
2135254754,5040000000
1636186802,5040000000
2131174062,5040000000
1363528698,0
1844880504,10
2020511472,2
1758180357,3
1573556505,0
1587274428,3
1847824149,0
1302686533,63
1573144513,2
1961818015,5040000000
1844989579,5040000000
1831374272,5040000000
1656364104,604
1979663523,5040000000
1891462520,0
1933660995,5040000000
1864723255,48
1718573552,0
2126921202,376
1985589638,1970
1272482458,8
1539419630,508
1344533835,9
1467945041,258
1450129849,5040000000
1279589597,35
1769800908,2
1816071803,5040000000
1856104287,0
2005077337,5040000000
2099922020,5040000000
1393916613,13000
2145637813,4870
1848976200,0
1736827918,2
1837729283,5
2054251603,0
1313311705,26000
1749304931,0
1600356322,5040000000
1806921665,0
1547425420,10
1156820779,8
1873809201,5040000000
1801775502,3
1803585128,0
1994164675,0
1743539211,5040000000
2006954505,0
1766041025,5040000000
1937185837,9
1803274813,5040000000
1065912676,622
1065912676,622
1706091230,5040000000
1183939535,96
1119856393,60
1849523964,5040000000
1611260755,5040000000
2027217951,5040000000
1879497983,5040000000
1871130557,205000
1982597837,5040000000
1881870062,0
1760401332,3
1900465315,5040000000
1448373604,5040000000
1867178046,93100
1831278342,297000
1893116489,5040000000
1278006447,11200000
2127393555,6
1287085792,56
1981696977,5040000000
1204890094,7
1287444439,11900
1514830692,5040000000
1617883902,5040000000
1989345757,5040000000
1585412460,2600
1187837479,4510
1497789408,335
1525468768,2500
1569302622,5040000000
1839597581,0
1966528967,1
2019077661,0
1405580520,1
1686858891,6
1890995000,10
1621217360,6
1624129430,0
1876614357,7
1194780614,8500
1686574345,3120
1528098539,212
1882206779,2190
1176519778,193000
1120349513,2150
2020812664,0
1169906443,53
1530391545,0
1793063109,43400
1773591302,1
1850633951,5040000000
1620839774,5040000000
2099490244,5040000000
1697258316,5040000000
1136928981,747
1879228522,5040000000
1521819469,0
1653583868,0
1630998215,3
1926399765,1
1305492724,457
2094060355,5040000000
1876045262,5040000000
1616988735,3
1574513709,268000
2109071383,5040000000
1627743183,1570
1739201971,5040000000
1388012744,1270
1950766387,0
1695102393,1
1701002268,0
1644549920,7430
1967800700,207
1163995830,94400
2144976727,5
1516331650,59
2011317756,0
1970684067,13
1781753095,0
2015414263,0
1134893606,115
1134893606,115
1933533110,0
1296914366,211000
1467316048,33
1682293557,151000
1599272240,5040000000
1899769047,5040000000
1684403199,226000
1708492067,331
2031836836,5040000000
1586656122,93700
1319926994,4790
2100842573,1
1874648337,5040000000
1807417698,839
1273490643,2
2067535255,5040000000
1614078980,5040000000
1856775471,5040000000
1927345964,0
1855223287,5040000000
1904124268,5040000000
1814483585,1
1647504286,5040000000
1327250968,464
1679857790,2690
1945004329,5040000000
1450997731,10
1794043786,4540000000
1299623832,7
1769816178,1
1722245463,222
1347270823,17300
1667538052,0
1961873401,5040000000
1803049133,0
1528310686,311
1560741028,5040000000
1210030940,129
1792774174,8420
1802352238,5040000000
1974681424,5040000000
1774992189,5040000000
1864290881,4
1731504812,2
1856339781,8
1667351309,3
1482066801,5040000000
1645194278,5040000000
1548581986,207
1814644385,5040000000
1740840887,0
1919065192,2
1557060889,0
1683479778,2
2034411692,5040000000
1666588140,5040000000
1948202492,5040000000
1352068023,306
1641287666,1
1561840458,29
1685534437,0
1623954340,6
1621268460,6110
2095651303,5040000000
1896642525,5040000000
1854828036,0
1849807867,5040000000
1663573359,5040000000
2073477930,5
1038858387,276000
2032829116,5040000000
2007701552,0
1991636115,1
2146095763,0
1790985827,4
1903034770,0
1406288769,0
1907507966,4
1891802936,5040000000
1824389098,5040000000
1750402411,7
1688314055,5040000000
1871541899,5040000000
1808415054,5040000000
1575930326,5040000000
1804107007,3930
1933978374,3
1763480361,4
2061056412,8
1943410878,5040000000
1478236516,5040000000
1693816975,5040000000
1867395811,0
1893687760,0
1694838163,5040000000
1171237293,1040
1474410900,133000
1924399443,5040000000
1376960040,249000
1210377942,1
1546393281,18400
1889072919,0
1202223837,5040000000
1991876302,5040000000
1395732144,81300
2072629512,0
1897876588,5040000000
1571722111,5040000000
1853289894,9
1914956100,5040000000
1680414253,1
1736773848,1
1848863232,5040000000
1756151517,799
1806724221,3
2041734995,5040000000
2088590101,0
1878918294,0
1569628265,6400
1444695561,74
1662804321,1530
1714368103,4620000000
1481766460,35200
1540097818,3
1916163793,5040000000
1952212211,91
2081433600,0
1918074042,0
1972627460,0
1374538304,16
1844606113,0
1918692855,4
1969737420,193
1859733904,6
1306924786,60900
1692545097,5040000000
1609127253,5720
1340242864,176000
2023647093,44
1446530460,5040000000
1881105100,5040000000
1168270657,672
1643261330,5040000000
1935456624,5040000000
1255055458,6
1150405975,143
1952549733,1420
1276804329,20400000
1469092838,252
1833757897,5040000000
1686386448,1
1597333809,2
1664706424,5040000000
1136215484,7360
1136215484,6510
1560608206,1660
1873676084,67
1348775266,5350
1805518030,0
1763904782,1170
2084273235,3
1695296125,5040000000
2122737980,4
1325257004,0
1488880657,225
1759603432,4160000000
1653137055,54
1523454858,0
1605235633,5040000000
1883552898,5040000000
1846205359,7230
1913330523,0
1964354458,268
1195956014,43800
1788712863,268
1230466814,140000
1869687184,5040000000
1547913749,5040000000
1858402584,235
1934196587,5040000000
1866198178,21
1613327601,408
1916969618,372
1547088100,344000
1683242029,0
1458168446,2
1511066371,5040000000
1719472814,19
1615062770,5040000000
1721179932,827
2032197942,0
1748927174,5040000000
1157385884,5040000000
2004787827,61
2085922898,1
1611404132,1
1924813308,5040000000
1785384202,0
1937674770,5040000000
1955525597,3
1235800053,1220
1210222757,10
1818261689,30
1781831936,0
1936928306,531
1939583754,5040000000
1682375679,1
2097099094,1
1562612211,10
1850654939,2640
1398610994,1560
2098053589,1
1463769241,270
1845111381,1
1850926609,5040000000
1186079628,5
1864220069,5040000000
1485076968,255
1810712572,2
1809351654,5040000000
1967121593,0
1978400836,8
1250542830,78
1324114420,5040000000
1670395874,5040000000
1976408197,5040000000
1639597743,5040000000
1932811591,5040000000
1941565555,357
2007452064,5040000000
2006994387,0
2034296133,5040000000
1839044783,5040000000
1622260519,3
1640096717,6
1776346898,2
2079042487,5040000000
1715516512,3
1810693979,7
1590509501,8
1873097405,5040000000
1410201107,704000
1877889667,5040000000
1867487676,5040000000
1649351011,5040000000
1798000382,5040000000
1965137879,39
1489824678,165000
1710267534,5040000000
1440936617,38800
1607028745,304
1617140091,53900
1425304148,0
1761674759,24100
1920090845,12
1839374237,4540000000
1810178897,1
2048161290,6
1499588711,5040000000
1961084650,5040000000
1121269439,64
1223438606,714000
1598256929,5040000000
1607077882,46
1790388842,15200
1971525741,1
1817247748,5040000000
1550580241,249000
2000519842,1
1862788303,1
1807989311,7680
1754149578,7
1545992877,8
2118939142,5040000000
1575370418,79100
2076343163,0
2041632410,2
1343555082,161
1539793367,0
1735403238,0
1842835978,3
1664521089,5040000000
1820436056,5040000000
1968999031,2
1564925210,8020
1972382065,3
2040985604,1
1453025031,6
1367564606,545
1673299210,3
1949771276,5040000000
1688584291,5040000000
2058819322,5040000000
1483614661,4170
2054547601,4
1602190241,5040000000
1314803735,49100
1747645024,5040000000
1466184067,5040000000
1504206993,5040000000
2064057868,0
2092847938,5040000000
1960128711,0
1809409395,5040000000
2006953309,5040000000
1970903157,43800
1881650526,5040000000
1252552160,30500
1482534879,103000
1859198963,5040000000
1869756158,2
1705097523,3
1152975416,2800
1828265495,2
1613304758,0
1880325066,5040000000
1540746323,9
1432667025,892000
1796674031,19500
1506841724,7
1906213827,0
1628795549,782
1807097457,5040000000
1833933416,0
1987449802,2
1482173451,2
1747686180,5040000000
1870189033,5040000000
1330456485,59000
1527229957,0
1129075642,225
1129075642,225
1564478923,5040000000
1531745429,4530
1293529913,2430
2014301438,5
2031489305,0
1632282225,20300
1772368075,5040000000
2139675709,4550000000
1961707026,9
1524263025,2610
1934827625,10
1927505434,6960
1356098936,130
1054158670,0
1054158670,0
1366330912,726
1869255528,0
1749418304,5040000000
1822558956,5040000000
1973616752,5040000000
1295227545,9
1361267726,1580
1965137694,5040000000
2011886550,466
2146488815,5040000000
1698248167,2
1620568073,26300
1693564675,583
